tree
version=v4
num_class=1
num_tree_per_iteration=1
label_index=0
max_feature_idx=62
objective=regression
feature_names=token_age_hours short_term_heat price_change_6h mentions sentiment liq_mcap_ratio onchain_multiplier safety_penalty sentiment_consistency ultra_short_heat buy_sell_ratio_5m price_change_1h volatility_proxy market_cap_log mention_velocity volume_velocity day_of_week hour_paris is_weekend is_prime_time median_peak_return entry_vs_median_peak win_rate_7d market_heat_24h relative_volume kol_saturation kol_freshness mention_heat_ratio consensus_val conviction_val breadth_val price_action_val volume_24h_log volume_1h_log liquidity_usd_log buy_sell_ratio_24h price_change_5m price_change_24h volume_mcap_ratio top10_holder_pct risk_score helius_top20_pct helius_onchain_bsr buys_24h pvp_same_name_count new_kol_ratio mentions_delta kol_arrival_rate entry_timing_quality pump_momentum_pen gate_mult hype_pen entry_drift_mult price_velocity ath_ratio momentum_direction price_drift_from_first_seen lifecycle_phase_num social_momentum_num call_type_score mention_acceleration_v2 volume_acceleration_v2 price_acceleration
feature_infos=[0:27844.700000000001] [0:6] [-100:9976] [0:40] [-0.35899999999999999:0.81200000000000006] [0:248.72552899999999] [0.60099999999999998:1.3149999999999999] [0.63800000000000001:1] [0.39400000000000002:1] [0.001:12] [0:1] [-95.400000000000006:1286] [0:999.99900000000002] [1.0986122886681096:21.032003767249275] [-3.7879999999999998:10.951000000000001] [-14.333:21.716999999999999] [0:6] [0:23] [0:1] [0:1] [1.0223:1.5] [0:5] [0.12820000000000001:0.5625] [-15.119999999999999:35.060000000000002] [0:42.808100000000003] [47:280] [0:1] [0:40] [0:1] [0.25:1] [0:1] [0.22900000000000001:0.93799999999999994] [0.28517894223366241:17.148380146925543] [0.029558802241544401:16.085074357948173] [0.45742484703887543:17.073522021597803] [0:1] [-47.32:415] [-100:9976] [6.0000000000000002e-06:20000.970000000001] [11.380000000000001:100] [-351299:10000] [22.850000000000001:100] [0.40899999999999997:0.90000000000000002] [0:72275] [1:30] [0:1] [-6:14] [0:3.0419999999999998] [0.20000000000000001:0.86699999999999999] [0.5:1] [0.050000000000000003:1] none [0.5:1] [-14.452:21.597000000000001] [0:1] [-3:5] [0:141900] [0:5] [0:2] [-1:1.5] [-2.286:30.951000000000001] [-5.149:5.2869999999999999] [-3.0739999999999998:7.9189999999999996]
tree_sizes=666 715 872 650 649 808 705 729 937 849 723 673 666 821 653 871 838 823 816 884 669 794 727 799 677 675 714 738 812 806 716 879 829 806 738 658 887 725 889 808 801 885 795 879 871 728 882 793 871 735 875 892 716 868 660 813 891 808 937 734 760 893 725 886 882 791 811 774 792 787 856 739 880 816 854 841 817 756 912 876 790 847 800 716 769 879 786 798 890 878 786 855 910 820 877 817 776 873 776 867 819 769 850 880 778 845

Tree=0
num_leaves=6
num_cat=0
split_feature=28 25 41 22 36
split_gain=1.82639 2.2736 0.737123 0.888027 0.293005
threshold=0.31745000000000007 57.500000000000007 63.665000000000006 0.25755000000000006 1.3850000000000002
decision_type=10 8 10 8 10
left_child=1 -1 3 -3 -5
right_child=-2 2 -4 4 -6
leaf_value=-0.022273599002676552 -0.031334349313399394 -0.023772119023885371 -0.029971193097494051 -0.027285337989995981 -0.029491885419094775
leaf_weight=44 54 33 55 137 36
leaf_count=44 54 33 55 137 36
internal_value=-0.0275898 -0.0269263 -0.0275898 -0.0271078 -0.0275898
internal_weight=359 305 261 206 173
internal_count=359 305 261 206 173
is_linear=0
shrinkage=1


Tree=1
num_leaves=7
num_cat=0
split_feature=28 25 41 22 43 31
split_gain=1.74662 2.17432 0.71548 0.790518 0.752705 0.319402
threshold=0.31745000000000007 57.500000000000007 47.510000000000012 0.36840000000000006 920.00000000000011 0.52450000000000008
decision_type=10 8 10 8 2 8
left_child=1 -1 3 -3 -4 -5
right_child=-2 2 4 5 -6 -7
leaf_value=0.0051987894763627701 -0.0036619033471862691 0.0032084866895182641 0 -0.0011932161220606454 -0.0040795614710309788 0.00084982850911297905
leaf_weight=44 54 44 34 74 39 70
leaf_count=44 54 44 34 74 39 70
internal_value=0 0.000648797 0 0.000598233 -0.00196545 0
internal_weight=359 305 261 188 73 144
internal_count=359 305 261 188 73 144
is_linear=0
shrinkage=0.0221009


Tree=2
num_leaves=9
num_cat=0
split_feature=33 29 9 34 9 13 55 2
split_gain=1.58821 1.73289 1.3977 0.883735 1.20756 0.819117 0.135636 0.0958036
threshold=8.6962940068836669 0.85250000000000015 0.23250000000000001 10.031963024570571 0.12150000000000001 12.450477113456934 1.5000000000000002 -2.9649999999999994
decision_type=8 10 10 10 10 8 8 10
left_child=2 3 7 4 -2 -5 -7 -1
right_child=1 -3 -4 5 -6 6 -8 -9
leaf_value=-0.00038619778093717529 0 -0.005587854807943827 0.0051715735348236321 0.003134410395086992 -0.0053815028412821687 0 -0.001449822714256616 0.00095918752307494752
leaf_weight=42 42 36 44 50 32 36 33 44
leaf_count=42 42 36 44 50 32 36 33 44
internal_value=0 -0.00110654 0.0019516 -8.43463e-05 -0.00213729 0.000892336 -0.000215654 0
internal_weight=359 229 130 193 74 119 69 86
internal_count=359 229 130 193 74 119 69 86
is_linear=0
shrinkage=0.0221009


Tree=3
num_leaves=6
num_cat=0
split_feature=28 25 41 38 13
split_gain=1.64245 2.07056 0.680877 0.596762 0.567622
threshold=0.31745000000000007 57.500000000000007 63.665000000000006 10.094364500000003 11.325013364574863
decision_type=10 8 10 8 10
left_child=1 -1 3 4 -3
right_child=-2 2 -4 -5 -6
leaf_value=0.0050712205389559697 -0.0035493772802568735 -0.0017756877303935319 -0.002290017670104096 0.0025887545631768484 0.00089026390547690566
leaf_weight=44 54 65 55 50 91
leaf_count=44 54 65 55 50 91
internal_value=0 0.000630794 0 0.000461598 0
internal_weight=359 305 261 206 156
internal_count=359 305 261 206 156
is_linear=0
shrinkage=0.0221009


Tree=4
num_leaves=6
num_cat=0
split_feature=28 25 41 22 33
split_gain=1.57072 1.98014 0.651138 0.831431 0.283145
threshold=0.31745000000000007 57.500000000000007 63.665000000000006 0.25755000000000006 8.7965102582200281
decision_type=10 8 10 8 10
left_child=1 -1 3 -3 -5
right_child=-2 2 -4 4 -6
leaf_value=0.00495925905501795 -0.0034709997182603126 0.003682361669013898 -0.0022394485076107939 0.00062104367069002419 -0.0011464068939045834
leaf_weight=44 54 33 55 96 77
leaf_count=44 54 33 55 96 77
internal_value=0 0.000616868 0 0.000451405 0
internal_weight=359 305 261 206 173
internal_count=359 305 261 206 173
is_linear=0
shrinkage=0.0221009


Tree=5
num_leaves=8
num_cat=0
split_feature=33 34 10 9 32 45 2
split_gain=1.49321 1.63823 1.95258 1.32062 1.03102 0.720816 0.0896767
threshold=8.6962940068836669 10.031963024570571 0.39250000000000007 0.23250000000000001 13.139145815486218 1.0000000180025095e-35 -2.9649999999999994
decision_type=8 10 2 10 2 8 10
left_child=3 2 -2 6 -3 -6 -1
right_child=1 4 -4 -5 5 -7 -8
leaf_value=-0.00037720156182291563 0 0.0032919642009046611 -0.0066077647878143393 0.0050224326875954618 0.00037270282171051 -0.0031190911794053504 0.00092663463152641685
leaf_weight=42 46 42 46 44 54 41 44
leaf_count=42 46 42 46 44 54 41 44
internal_value=0 -0.00107229 -0.00338831 0.00189297 0.000222778 -0.000758975 0
internal_weight=359 229 92 130 137 95 86
internal_count=359 229 92 130 137 95 86
is_linear=0
shrinkage=0.0221009


Tree=6
num_leaves=7
num_cat=0
split_feature=28 9 22 53 13 21
split_gain=1.47269 1.24132 0.477985 0.800374 1.02109 0.321117
threshold=0.31745000000000007 1.6915000000000002 0.3897000000000001 0.58500000000000008 8.585997750510975 0.90830000000000011
decision_type=10 10 10 8 8 10
left_child=1 2 3 4 -1 -5
right_child=-2 -3 -4 5 -6 -7
leaf_value=0 -0.0033592181513458319 0.0043374616301527806 0.0023545192925481305 0 -0.0052875323008640222 0.002029337530311294
leaf_weight=32 54 38 38 123 32 42
leaf_count=32 54 38 38 123 32 42
internal_value=0 0.000599024 0 -0.000313795 -0.00249031 0.000314309
internal_weight=359 305 267 229 64 165
internal_count=359 305 267 229 64 165
is_linear=0
shrinkage=0.0221009


Tree=7
num_leaves=7
num_cat=0
split_feature=28 9 22 53 21 43
split_gain=1.40902 1.18648 0.456778 0.762664 0.308176 0.0736599
threshold=0.31745000000000007 1.6915000000000002 0.3897000000000001 0.58500000000000008 0.92615000000000014 764.50000000000011
decision_type=10 10 10 8 10 2
left_child=1 2 3 5 -5 -1
right_child=-2 -3 -4 4 -6 -7
leaf_value=-0.0001504508944724752 -0.0032850396792228555 0.0042417159178832139 0.0023025452250262971 0 0.0020090330090355743 -0.003594455296185713
leaf_weight=32 54 38 38 124 41 32
leaf_count=32 54 38 38 124 41 32
internal_value=0 0.000586684 0 -0.000305692 0.000302896 -0.00243192
internal_weight=359 305 267 229 165 64
internal_count=359 305 267 229 165 64
is_linear=0
shrinkage=0.0221009


Tree=8
num_leaves=10
num_cat=0
split_feature=33 29 22 33 34 9 28 30 1
split_gain=1.38971 1.54106 1.2822 2.59897 0.76691 1.11151 1.09208 0.66969 0.274077
threshold=8.6962940068836669 0.85250000000000015 0.17135000000000003 5.9509808729563787 10.031963024570571 0.12150000000000001 0.31075000000000003 0.049500000000000009 0.26550000000000007
decision_type=8 10 10 10 10 10 8 10 10
left_child=2 4 8 -4 5 -2 7 -6 -1
right_child=1 -3 3 -5 6 -7 -8 -9 -10
leaf_value=0.0010177304950783532 0 -0.0052591312029840256 0 0.0083962039530197704 0 -0.0051036315778187962 -0.0015811971439651028 0.0044211816239788778 -0.0017454690619131085
leaf_weight=32 42 36 32 33 35 32 41 43 33
leaf_count=32 42 36 32 33 35 32 41 43 33
internal_value=0 -0.00103411 0.00182654 0.00403715 -5.97916e-05 -0.0019851 0.000837497 0.00256705 0
internal_weight=359 229 130 65 193 74 119 78 65
internal_count=359 229 130 65 193 74 119 78 65
is_linear=0
shrinkage=0.0221009


Tree=9
num_leaves=9
num_cat=0
split_feature=33 34 10 22 33 13 45 1
split_gain=1.32749 1.4831 1.80619 1.22333 2.49081 0.900677 0.454422 0.262112
threshold=8.6962940068836669 10.031963024570571 0.39250000000000007 0.17135000000000003 5.9509808729563787 12.450477113456934 1.0000000180025095e-35 0.26550000000000007
decision_type=8 10 2 10 10 10 8 10
left_child=3 2 -2 7 -5 -3 -7 -1
right_child=1 5 -4 4 -6 6 -8 -9
leaf_value=0.00099527011887473506 0 0.0023565868174374232 -0.0063133741056107494 0 0.0082108987810628111 0 -0.0029286583166388451 -0.0017069463494386362
leaf_weight=32 46 63 46 32 33 37 37 33
leaf_count=32 46 63 46 32 33 37 37 33
internal_value=0 -0.00101217 -0.00321786 0.0017837 0.003943 0.000208775 -0.00113735 0
internal_weight=359 229 92 130 65 137 74 65
internal_count=359 229 92 130 65 137 74 65
is_linear=0
shrinkage=0.0221009


Tree=10
num_leaves=7
num_cat=0
split_feature=28 25 41 7 0 12
split_gain=1.29059 1.78218 0.602929 0.395827 0.663597 0.260184
threshold=0.31745000000000007 57.500000000000007 63.665000000000006 0.89700000000000013 29.200000000000006 123.3165
decision_type=10 8 10 8 2 8
left_child=1 -1 3 4 -3 -5
right_child=-2 2 -4 5 -6 -7
leaf_value=0.0046821136119356618 -0.0031471649905733031 0.0032161557617729547 -0.0021750516400579215 -0.0014889142751053352 0 0.00038899951887243168
leaf_weight=44 54 53 55 54 32 67
leaf_count=44 54 53 55 54 32 67
internal_value=0 0.000558295 -6.7858e-07 0.00040673 0.00162493 -0.000154019
internal_weight=359 305 261 206 85 121
internal_count=359 305 261 206 85 121
is_linear=0
shrinkage=0.0221009


Tree=11
num_leaves=6
num_cat=0
split_feature=28 25 41 38 13
split_gain=1.23263 1.70595 0.575434 0.541021 0.507333
threshold=0.31745000000000007 57.500000000000007 63.665000000000006 10.094364500000003 11.325013364574863
decision_type=10 8 10 8 10
left_child=1 -1 3 4 -3
right_child=-2 2 -4 -5 -6
leaf_value=0.004578742816120143 -0.0030776690574891162 -0.0017186572254943107 -0.0021270212408998745 0.0024325891844073542 0.00078300219034074131
leaf_weight=44 54 65 55 50 91
leaf_count=44 54 65 55 50 91
internal_value=0 0.000543624 -3.81423e-07 0.000394275 -3.04842e-05
internal_weight=359 305 261 206 156
internal_count=359 305 261 206 156
is_linear=0
shrinkage=0.0221009


Tree=12
num_leaves=6
num_cat=0
split_feature=28 9 36 36 27
split_gain=1.17879 1.09621 0.404442 0.493863 0.370246
threshold=0.31745000000000007 1.6915000000000002 1.8650000000000002 -0.44499999999999995 1.3335000000000001
decision_type=10 10 10 10 8
left_child=1 2 3 4 -1
right_child=-2 -3 -4 -5 -6
leaf_value=-0.002103968473228877 -0.0030097077284992101 0.0040422249222129211 -0.0019855166706720905 0.0021295618556735549 0.00031423722625662469
leaf_weight=38 54 38 41 61 127
leaf_count=38 54 38 41 61 127
internal_value=0 0.000531622 0 0.000397601 -2.65345e-05
internal_weight=359 305 267 226 165
internal_count=359 305 267 226 165
is_linear=0
shrinkage=0.0221009


Tree=13
num_leaves=8
num_cat=0
split_feature=33 29 9 23 13 5 2
split_gain=1.23601 1.3971 1.14966 0.714848 0.988122 0.792542 0.074684
threshold=8.6962940068836669 0.85250000000000015 0.23250000000000001 5.2100000000000009 11.325013364574863 0.15632200000000004 -2.9649999999999994
decision_type=8 10 10 10 8 10 10
left_child=2 3 6 4 -2 -6 -1
right_child=1 -3 -4 -5 5 -7 -8
leaf_value=-0.00039845806321640843 -0.003680606856507956 -0.0050004629890292515 0.0046344659562293118 0.0017232503618341535 -0.001461478559553159 0.0028384479617741083 0.00082258786369419727
leaf_weight=42 48 36 44 61 49 35 44
leaf_count=42 48 36 44 61 49 35 44
internal_value=0 -0.000978368 0.00171945 -4.19521e-05 -0.00112871 0 0
internal_weight=359 229 130 193 132 84 86
internal_count=359 229 130 193 132 84 86
is_linear=0
shrinkage=0.0221009


Tree=14
num_leaves=6
num_cat=0
split_feature=36 25 42 53 38
split_gain=1.13564 1.66201 0.77655 0.334221 0.655668
threshold=8.7300000000000022 57.500000000000007 0.86650000000000016 0.034000000000000009 10.094364500000003
decision_type=10 8 8 8 8
left_child=1 -1 -3 -4 -5
right_child=-2 2 3 4 -6
leaf_value=0.0042515102219622385 -0.0035596411376630868 -0.0033114516970431749 -0.0011781432800669566 0 0.0033411152703242382
leaf_weight=48 39 34 49 151 38
leaf_count=48 39 34 49 151 38
internal_value=0 0.000432803 -0.000110297 0.000197401 0.000743308
internal_weight=359 320 272 238 189
internal_count=359 320 272 238 189
is_linear=0
shrinkage=0.0221009


Tree=15
num_leaves=9
num_cat=0
split_feature=33 34 10 22 33 32 45 1
split_gain=1.17692 1.315 1.70532 1.10878 2.32266 0.900526 0.648796 0.244728
threshold=8.6962940068836669 10.031963024570571 0.39250000000000007 0.17135000000000003 5.9509808729563787 13.139145815486218 1.0000000180025095e-35 0.26550000000000007
decision_type=8 10 2 10 10 2 8 10
left_child=3 2 -2 7 -5 -3 -7 -1
right_child=1 5 -4 4 -6 6 -8 -9
leaf_value=0.00093796504915047093 0 0.0030642864541829845 -0.006040725854717665 0 0.0078600521822696518 0.0003216750317791306 -0.0029646560222202582 -0.0016625706449557105
leaf_weight=32 46 42 46 32 33 54 41 33
leaf_count=32 46 42 46 32 33 54 41 33
internal_value=0 -0.000956047 -0.00303395 0.0016765 0.00373436 0.000179057 -0.000721298 0
internal_weight=359 229 92 130 65 137 95 65
internal_count=359 229 92 130 65 137 95 65
is_linear=0
shrinkage=0.0221009


Tree=16
num_leaves=8
num_cat=0
split_feature=33 29 9 37 27 35 12
split_gain=1.12012 1.30816 1.07866 0.618173 0.737972 0.381181 0.0591031
threshold=8.6962940068836669 0.85250000000000015 0.23250000000000001 -14.649999999999997 25.000000000000004 0.54050000000000009 37.360500000000009
decision_type=8 10 10 8 8 2 8
left_child=2 3 6 -2 -5 -6 -1
right_child=1 -3 -4 4 5 -7 -8
leaf_value=-0.00027212632105186899 -0.0026956746786845468 -0.0048206979590983559 0.0044576206042079326 0.0029285329164491451 -0.0021999868154671492 0.00027562891542279528 0.00083550881383687029
leaf_weight=50 38 36 44 44 39 72 36
leaf_count=50 38 36 44 44 39 72 36
internal_value=0 -0.000931601 0.00163664 -2.00295e-05 0.000405992 -0.000272834 0
internal_weight=359 229 130 193 155 111 86
internal_count=359 229 130 193 155 111 86
is_linear=0
shrinkage=0.0221009


Tree=17
num_leaves=8
num_cat=0
split_feature=33 29 34 22 37 27 35
split_gain=1.07122 1.25099 1.05549 1.55691 0.591238 0.704896 0.365388
threshold=8.6962940068836669 0.85250000000000015 8.369517618194946 0.17135000000000003 -14.649999999999997 25.000000000000004 0.54050000000000009
decision_type=8 10 10 10 8 8 2
left_child=2 4 -1 -4 -2 -6 -7
right_child=1 -3 3 -5 5 6 -8
leaf_value=-0.00098203179201496269 -0.0026361699476065725 -0.0047142922110851087 0 0.0059137327987121239 0.002863877360708198 -0.0021514224609473463 0.00026954119126885529
leaf_weight=35 38 36 50 45 44 39 72
leaf_count=35 38 36 50 45 44 39 72
internal_value=0 -0.00091104 0.00160051 0.00292807 -1.55034e-05 0.000397026 -0.000259708
internal_weight=359 229 130 95 193 155 111
internal_count=359 229 130 95 193 155 111
is_linear=0
shrinkage=0.0221009


Tree=18
num_leaves=8
num_cat=0
split_feature=36 9 13 33 23 22 45
split_gain=1.05768 1.18477 0.559305 1.17159 0.732875 0.223425 0.0803737
threshold=8.7300000000000022 1.6235000000000002 11.325013364574863 8.6962940068836669 10.360000000000001 0.31155000000000005 1.0000000180025095e-35
decision_type=10 10 8 10 8 8 8
left_child=1 2 3 5 -4 -1 -6
right_child=-2 -3 4 -5 6 -7 -8
leaf_value=-0.00085284241338485795 -0.0034369231017553261 0.004253623216397706 0.003095240669425682 -0.0039388491536579895 0.00019683538155241677 0.0011023185964927154 -0.0010486005952310008
leaf_weight=43 39 35 51 46 47 64 34
leaf_count=43 39 35 51 46 47 64 34
internal_value=0 0.000416038 0 -0.000963637 0.000996315 0 0
internal_weight=359 320 285 153 132 107 81
internal_count=359 320 285 153 132 107 81
is_linear=0
shrinkage=0.0221009


Tree=19
num_leaves=9
num_cat=0
split_feature=36 25 12 34 2 10 13 24
split_gain=1.0115 1.50888 0.517688 0.79715 0.794205 0.778753 1.25508 0.20843
threshold=8.7300000000000022 57.500000000000007 67.919500000000014 10.727908754913253 0.52000000000000013 0.40600000000000008 11.782004039382935 0.23145000000000002
decision_type=10 8 8 8 10 2 10 10
left_child=1 -1 5 4 -4 7 -7 -3
right_child=-2 2 3 -5 -6 6 -8 -9
leaf_value=0.0040472464550619673 -0.0033610535887063997 -0.00048212894220553063 0 -0.00084281680058521631 0.0047222722596522819 -0.0056882579111980913 0 0.0015702401800079693
leaf_weight=48 39 45 33 48 37 36 36 37
leaf_count=48 39 45 33 48 37 36 36 37
internal_value=0 0.000406852 -0.000104751 0.000838286 0.00250115 -0.00105942 -0.00277118 8.62341e-06
internal_weight=359 320 272 118 70 154 72 82
internal_count=359 320 272 118 70 154 72 82
is_linear=0
shrinkage=0.0221009


Tree=20
num_leaves=6
num_cat=0
split_feature=28 9 36 36 9
split_gain=1.00066 0.956138 0.342143 0.442893 0.282844
threshold=0.31745000000000007 1.6915000000000002 1.8650000000000002 -0.44499999999999995 0.37400000000000005
decision_type=10 10 10 10 10
left_child=1 2 3 4 -1
right_child=-2 -3 -4 -5 -6
leaf_value=0.00018752819346449574 -0.0027763523884184963 0.0037646248949983934 -0.0018364382740520895 0.0020025472750669652 -0.0020116419971511804
leaf_weight=132 54 38 41 61 33
leaf_count=132 54 38 41 61 33
internal_value=0 0.000486431 0 0.000356269 -3.61644e-05
internal_weight=359 305 267 226 165
internal_count=359 305 267 226 165
is_linear=0
shrinkage=0.0221009


Tree=21
num_leaves=8
num_cat=0
split_feature=33 34 10 9 13 45 2
split_gain=0.970904 1.14029 1.52468 1.00471 0.805755 0.408197 0.0639927
threshold=8.6962940068836669 10.031963024570571 0.39250000000000007 0.23250000000000001 12.450477113456934 1.0000000180025095e-35 -2.9649999999999994
decision_type=8 10 2 10 8 8 10
left_child=3 2 -2 6 -3 -6 -1
right_child=1 4 -4 -5 5 -7 -8
leaf_value=-0.00047438236610465481 0 0.0023832878857045214 -0.0056525468924008958 0.0042389186003966798 0 -0.0026784719383443015 0.00070344010926544061
leaf_weight=42 46 57 46 44 42 38 44
leaf_count=42 46 57 46 44 42 38 44
internal_value=0 -0.000870465 -0.00280942 0.00152058 0.000171282 -0.000958673 0
internal_weight=359 229 92 130 137 80 86
internal_count=359 229 92 130 137 80 86
is_linear=0
shrinkage=0.0221009


Tree=22
num_leaves=7
num_cat=0
split_feature=28 25 53 39 14 43
split_gain=0.945598 1.41933 0.450926 0.645022 0.580973 0.392168
threshold=0.31745000000000007 57.500000000000007 0.51550000000000018 88.410000000000011 1.0000000180025095e-35 920.00000000000011
decision_type=10 8 8 2 8 2
left_child=1 -1 3 -3 -4 -6
right_child=-2 2 4 -5 5 -7
leaf_value=0.004159197910215514 -0.0026971786977845877 -0.0038314747575766664 0.0029358905865729144 0 0.0012042021889030626 -0.0010981402176946198
leaf_weight=44 54 34 37 43 58 89
leaf_count=44 54 34 37 43 58 89
internal_value=0 0.00047458 -1.02732e-05 -0.00154849 0.00043944 0
internal_weight=359 305 261 77 184 147
internal_count=359 305 261 77 184 147
is_linear=0
shrinkage=0.0221009


Tree=23
num_leaves=8
num_cat=0
split_feature=33 29 34 22 23 34 5
split_gain=0.914576 1.13968 0.976042 1.45447 0.660393 0.80087 0.660105
threshold=8.6962940068836669 0.85250000000000015 8.369517618194946 0.17135000000000003 5.2100000000000009 10.031963024570571 0.15632200000000004
decision_type=8 10 10 10 10 8 8
left_child=2 4 -1 -4 5 -2 -7
right_child=1 -3 3 -5 -6 6 -8
leaf_value=-0.00099234764823186725 -0.0037937815445183696 -0.0044669453312757143 0 0.0056477301920052842 0.0017198063818471114 -0.0016363379923032392 0.002062250252459753
leaf_weight=35 37 36 50 45 61 52 43
leaf_count=35 37 36 50 45 61 52 43
internal_value=0 -0.000842478 0.00147819 0.00276451 0 -0.00103705 0
internal_weight=359 229 130 95 193 132 95
internal_count=359 229 130 95 193 132 95
is_linear=0
shrinkage=0.0221009


Tree=24
num_leaves=6
num_cat=0
split_feature=28 25 41 22 40
split_gain=0.891385 1.33402 0.511701 0.717195 0.192904
threshold=0.31745000000000007 57.500000000000007 63.665000000000006 0.25755000000000006 8.0000000000000018
decision_type=10 8 10 8 2
left_child=1 -1 3 -3 -5
right_child=-2 2 -4 4 -6
leaf_value=0.0040320644958827655 -0.0026196907393327782 0.0033757765787433679 -0.0020156684450669455 -0.0013086902979490425 0.00023650612585436769
leaf_weight=44 54 33 55 51 122
leaf_count=44 54 33 55 51 122
internal_value=0 0.000459797 -6.09723e-06 0.000357285 -1.26738e-05
internal_weight=359 305 261 206 173
internal_count=359 305 261 206 173
is_linear=0
shrinkage=0.0221009


Tree=25
num_leaves=6
num_cat=0
split_feature=28 25 41 22 40
split_gain=0.852456 1.27574 0.489367 0.685854 0.184511
threshold=0.31745000000000007 57.500000000000007 63.665000000000006 0.25755000000000006 8.0000000000000018
decision_type=10 8 10 8 2
left_child=1 -1 3 -3 -5
right_child=-2 2 -4 4 -6
leaf_value=0.0039430453018858662 -0.0025618425308480391 0.0033012727963401731 -0.0019711575940020193 -0.0012797931483932155 0.00023128108184151884
leaf_weight=44 54 33 55 51 122
leaf_count=44 54 33 55 51 122
internal_value=0 0.000449649 -2.93503e-06 0.0003494 -7.83472e-06
internal_weight=359 305 261 206 173
internal_count=359 305 261 206 173
is_linear=0
shrinkage=0.0221009


Tree=26
num_leaves=7
num_cat=0
split_feature=36 25 42 40 44 39
split_gain=0.908977 1.26892 0.600248 0.487784 0.58749 0.202866
threshold=8.7300000000000022 57.500000000000007 0.86650000000000016 8.0000000000000018 15.500000000000002 46.845000000000006
decision_type=10 8 8 2 2 2
left_child=1 -1 -3 5 -5 -4
right_child=-2 2 3 4 -6 -7
leaf_value=0.0037224290352252665 -0.0031869763346754759 -0.002902544703050246 -0.0020456255047714557 0 0.0028017914884385831 0
leaf_weight=48 39 34 44 103 57 34
leaf_count=48 39 34 44 103 57 34
internal_value=0 0.000384868 -7.32485e-05 0.000181257 0.00100252 -0.00104498
internal_weight=359 320 272 238 160 78
internal_count=359 320 272 238 160 78
is_linear=0
shrinkage=0.0221009


Tree=27
num_leaves=7
num_cat=0
split_feature=36 25 11 44 23 31
split_gain=0.868384 1.22048 0.629663 0.560112 0.290403 0.152731
threshold=8.7300000000000022 58.500000000000007 -5.8499999999999988 15.500000000000002 4.6300000000000017 0.40800000000000008
decision_type=10 8 8 2 8 10
left_child=1 -1 -3 4 -4 -5
right_child=-2 2 3 5 -6 -7
leaf_value=0.0032519303929119028 -0.0031166242445465763 -0.0023578423171861855 -0.0018461793935513708 0 3.3254469695432637e-05 0.0031884981876805973
leaf_weight=60 39 54 46 32 94 34
leaf_count=60 39 54 46 32 94 34
internal_value=0 0.000374531 -0.000152483 0.000252534 -0.000329436 0.00202761
internal_weight=359 320 260 206 140 66
internal_count=359 320 260 206 140 66
is_linear=0
shrinkage=0.0221009


Tree=28
num_leaves=8
num_cat=0
split_feature=33 29 33 23 34 5 21
split_gain=0.85797 1.05089 0.928172 0.62316 0.742411 0.617218 0.0630501
threshold=8.6962940068836669 0.85250000000000015 6.648547367354694 5.2100000000000009 10.031963024570571 0.15632200000000004 0.18370000000000003
decision_type=8 10 10 10 8 10 10
left_child=2 3 6 4 -2 -6 -1
right_child=1 -3 -4 -5 5 -7 -8
leaf_value=0.00034109241962324515 -0.0036670013107674136 -0.0042995407256329913 0.0035511744449188381 0.0016631545175125198 -0.00143219577356116 0.0022019427692933067 -0.00087814195635502678
leaf_weight=39 37 36 57 61 57 38 34
leaf_count=39 37 36 57 61 57 38 34
internal_value=0 -0.000817418 0.00143027 0 -0.00101308 0 0
internal_weight=359 229 130 193 132 95 73
internal_count=359 229 130 193 132 95 73
is_linear=0
shrinkage=0.0221009


Tree=29
num_leaves=8
num_cat=0
split_feature=36 9 55 13 54 33 43
split_gain=0.827172 1.02721 0.481773 0.565935 0.494006 0.410529 0.193494
threshold=8.7300000000000022 1.6235000000000002 1.0000000180025095e-35 11.42381970846659 0.67330000000000012 8.2895867973149446 855.00000000000011
decision_type=10 10 8 10 8 8 2
left_child=1 2 3 5 -4 -1 -6
right_child=-2 -3 4 -5 6 -7 -8
leaf_value=0 -0.0030401719078358867 0.0039430464817990637 0.0030392290304154367 0.00020270540090392929 0.00094276838183420539 -0.0041172798259490806 -0.00076910354537283883
leaf_weight=40 39 35 35 45 63 37 65
leaf_count=40 39 35 35 45 63 37 65
internal_value=0 0.000367155 0 -0.00111929 0.000710987 -0.0023555 0
internal_weight=359 320 285 122 163 77 128
internal_count=359 320 285 122 163 77 128
is_linear=0
shrinkage=0.0221009


Tree=30
num_leaves=7
num_cat=0
split_feature=36 25 42 40 44 15
split_gain=0.791277 1.14471 0.548621 0.458521 0.553736 0.206563
threshold=8.7300000000000022 57.500000000000007 0.86650000000000016 8.0000000000000018 15.500000000000002 0.9900000000000001
decision_type=10 8 8 2 2 8
left_child=1 -1 -3 5 -5 -4
right_child=-2 2 3 4 -6 -7
leaf_value=0.0035314609751944059 -0.0029730605222283327 -0.0027771398144021274 0 0 0.0027152019597611716 -0.0021839890536864081
leaf_weight=48 39 34 40 103 57 38
leaf_count=48 39 34 40 103 57 38
internal_value=0 0.00035952 -6.93419e-05 0.000167786 0.000968395 -0.00101608
internal_weight=359 320 272 238 160 78
internal_count=359 320 272 238 160 78
is_linear=0
shrinkage=0.0221009


Tree=31
num_leaves=9
num_cat=0
split_feature=33 29 22 33 23 38 14 1
split_gain=0.798028 0.995606 0.890821 1.99978 0.599914 0.744493 0.548065 0.236498
threshold=8.6962940068836669 0.85250000000000015 0.17135000000000003 5.9509808729563787 5.2100000000000009 2.6771735000000008 8.7920000000000016 0.26550000000000007
decision_type=8 10 10 10 10 10 8 10
left_child=2 4 7 -4 5 6 -2 -1
right_child=1 -3 3 -5 -6 -7 -8 -9
leaf_value=0.00077789660998345723 0.0025983521448739639 -0.004177908424351378 0 0.0070850332646876261 0.0016400744975231104 -0.0029642703593436462 -0.0010796886887087596 -0.0017055328006165462
leaf_weight=32 32 36 32 33 61 56 44 33
leaf_count=32 32 36 32 33 61 56 44 33
internal_value=0 -0.000789805 0.00137794 0.00323813 0 -0.000987722 0 0
internal_weight=359 229 130 65 193 132 76 65
internal_count=359 229 130 65 193 132 76 65
is_linear=0
shrinkage=0.0221009


Tree=32
num_leaves=8
num_cat=0
split_feature=33 29 9 37 27 35 2
split_gain=0.760329 0.952143 0.87862 0.473946 0.629104 0.310351 0.0550958
threshold=8.6962940068836669 0.85250000000000015 0.23250000000000001 -14.649999999999997 25.000000000000004 0.54050000000000009 -2.9649999999999994
decision_type=8 10 10 8 8 2 10
left_child=2 3 6 -2 -5 -6 -1
right_child=1 -3 -4 4 5 -7 -8
leaf_value=-0.00052735241650113277 -0.0023420379150137873 -0.004085690936252777 0.0038823974441265954 0.0027152936604228051 -0.0019786693171335674 0.00023779015253650847 0.00058780356968793574
leaf_weight=42 38 36 44 44 39 72 44
leaf_count=42 38 36 44 44 39 72 44
internal_value=0 -0.000772368 0.00134354 0 0.000383567 -0.000219564 0
internal_weight=359 229 130 193 155 111 86
internal_count=359 229 130 193 155 111 86
is_linear=0
shrinkage=0.0221009


Tree=33
num_leaves=8
num_cat=0
split_feature=36 9 55 13 41 33 32
split_gain=0.749057 0.95992 0.450472 0.538215 0.483402 0.341906 0.121997
threshold=8.7300000000000022 1.6235000000000002 1.0000000180025095e-35 11.325013364574863 93.160000000000011 8.2895867973149446 12.281938352323424
decision_type=10 10 8 8 8 8 2
left_child=1 2 3 5 -4 -1 -6
right_child=-2 -3 4 -5 6 -7 -8
leaf_value=0 -0.0028958033930153149 0.0038047175743191404 0.0025995379182054408 0.00018158796564676294 0.00052447419439899791 -0.0039342117819987843 -0.00091287086356103494
leaf_weight=40 39 35 46 45 68 37 49
leaf_count=40 39 35 46 45 68 37 49
internal_value=0 0.000346607 0 -0.00108995 0.000678423 -0.00229667 0
internal_weight=359 320 285 122 163 77 117
internal_count=359 320 285 122 163 77 117
is_linear=0
shrinkage=0.0221009


Tree=34
num_leaves=7
num_cat=0
split_feature=36 25 31 31 5 6
split_gain=0.71649 1.05919 0.393087 0.822471 0.755028 0.426918
threshold=8.7300000000000022 58.500000000000007 0.46700000000000003 0.40800000000000008 0.20638750000000003 1.0705000000000002
decision_type=10 8 10 10 10 10
left_child=1 -1 3 5 -4 -3
right_child=-2 2 4 -5 -6 -7
leaf_value=0.0030233913947148505 -0.0028318789757907723 9.7741008326645144e-05 0 0.0027725591750382317 -0.003538160377017902 -0.0023480001447811756
leaf_weight=60 39 83 40 51 44 42
leaf_count=60 39 83 40 51 44 42
internal_value=0 0.000339268 -0.000143112 0.000289249 -0.00147398 -0.00043873
internal_weight=359 320 260 176 84 125
internal_count=359 320 260 176 84 125
is_linear=0
shrinkage=0.0221009


Tree=35
num_leaves=6
num_cat=0
split_feature=28 25 41 22 36
split_gain=0.719661 1.00626 0.428627 0.611226 0.235537
threshold=0.31745000000000007 57.500000000000007 63.665000000000006 0.25755000000000006 -5.6749999999999989
decision_type=10 8 10 8 10
left_child=1 -1 3 -3 -5
right_child=-2 2 -4 4 -6
leaf_value=0.0035128584887978323 -0.0023540147695468444 0.0031296790801515705 -0.0018294530610576459 0.00077068642767680003 -0.00084491997377341495
leaf_weight=44 54 33 55 71 102
leaf_count=44 54 33 55 71 102
internal_value=0 0.000412988 0 0.000349228 0
internal_weight=359 305 261 206 173
internal_count=359 305 261 206 173
is_linear=0
shrinkage=0.0221009


Tree=36
num_leaves=9
num_cat=0
split_feature=39 11 31 56 43 12 38 33
split_gain=0.74074 1.47075 0.943269 0.976674 0.680678 0.847457 0.250944 0.154034
threshold=95.695000000000007 -1.0000000180025095e-35 0.41850000000000004 0.75150000000000017 7519.5000000000009 38.016000000000012 3.4924030000000008 10.382183980080969
decision_type=2 8 8 10 2 10 8 8
left_child=2 -2 3 -1 5 6 -4 -3
right_child=1 7 4 -5 -6 -7 -8 -9
leaf_value=0 0.0054269065953045179 -0.001333697981673028 0.00042010399372115269 -0.005383374843220344 -0.0025040951604529929 0.0032772428465290306 -0.001863382186574464 0.00067481740956302854
leaf_weight=38 33 32 64 36 35 49 32 40
leaf_count=38 33 32 64 36 35 49 32 40
internal_value=0 0.00155762 -0.000648846 -0.00276863 2.45685e-05 0.00088198 0 0
internal_weight=359 105 254 74 180 145 96 72
internal_count=359 105 254 74 180 145 96 72
is_linear=0
shrinkage=0.0221009


Tree=37
num_leaves=7
num_cat=0
split_feature=28 25 53 21 15 36
split_gain=0.670328 0.956807 0.371479 0.453544 0.279278 0.213421
threshold=0.31745000000000007 57.500000000000007 0.51550000000000018 0.92615000000000014 -1.0000000180025095e-35 -7.3649999999999993
decision_type=10 8 8 10 10 10
left_child=1 -1 4 5 -3 -4
right_child=-2 2 3 -5 -6 -7
leaf_value=0.0034215858673061076 -0.0022725327617529345 0 0.00087272317612786896 0.0024307346453033801 -0.0028519904988550241 -0.00085128911702055576
leaf_weight=44 54 42 54 43 35 87
leaf_count=44 54 42 54 43 35 87
internal_value=0 0.00039794 0 0.000422174 -0.001389 0
internal_weight=359 305 261 184 77 141
internal_count=359 305 261 184 77 141
is_linear=0
shrinkage=0.0221009


Tree=38
num_leaves=9
num_cat=0
split_feature=39 11 31 43 12 33 38 33
split_gain=0.709985 1.40171 0.896752 0.650834 0.800632 0.626445 0.237791 0.147131
threshold=95.695000000000007 -1.0000000180025095e-35 0.41850000000000004 7519.5000000000009 38.016000000000012 8.6962940068836669 3.4924030000000008 10.382183980080969
decision_type=2 8 8 2 10 10 8 8
left_child=2 -2 5 4 6 -1 -4 -3
right_child=1 7 3 -5 -6 -7 -8 -9
leaf_value=0 0.0053010094077739238 -0.0013006968129008793 0.00041091166721357158 -0.00245425848942963 0.0031862160103865531 -0.0045420923746067564 -0.0018130030001030932 0.00066389024614236212
leaf_weight=33 33 32 64 35 49 41 32 40
leaf_count=33 33 32 64 35 49 41 32 40
internal_value=0 0.00152392 -0.000636249 1.51697e-05 0.000858272 -0.00270256 0 0
internal_weight=359 105 254 180 145 74 96 72
internal_count=359 105 254 180 145 74 96 72
is_linear=0
shrinkage=0.0221009


Tree=39
num_leaves=8
num_cat=0
split_feature=33 33 34 9 43 5 21
split_gain=0.677013 0.866982 0.859653 1.03472 0.755004 1.05422 0.0651716
threshold=8.6962940068836669 6.648547367354694 10.031963024570571 0.12150000000000001 7191.0000000000009 0.15805350000000004 0.18370000000000003
decision_type=8 10 10 10 2 10 10
left_child=1 6 3 -2 5 -4 -1
right_child=2 -3 4 -5 -6 -7 -8
leaf_value=0.0001844115441955874 0 0.00333037496305533 -0.00012921245744386634 -0.0048680605073237121 -0.001482708569428182 0.0042035895447671773 -0.00094657189091144239
leaf_weight=39 48 57 37 44 57 43 34
leaf_count=39 48 57 37 44 57 43 34
internal_value=0 0.00126846 -0.000728159 -0.00241852 0.000146572 0.00175418 0
internal_weight=359 130 229 92 137 80 73
internal_count=359 130 229 92 137 80 73
is_linear=0
shrinkage=0.0221009


Tree=40
num_leaves=8
num_cat=0
split_feature=39 9 38 56 54 21 59
split_gain=0.682336 0.823446 0.707305 0.783836 0.295987 0.391279 0.000563931
threshold=95.695000000000007 6.7120000000000006 3.2528040000000007 0.41050000000000003 0.81720000000000015 0.92615000000000014 -0.30949999999999994
decision_type=2 8 10 10 10 10 10
left_child=2 -2 4 -4 5 -1 -3
right_child=1 6 3 -5 -6 -7 -8
leaf_value=0 0.0040872380920618226 7.7055481594488003e-05 0 -0.0037681549614294479 -0.00085906871084503089 0.0028984987522654698 -4.7097451587152316e-05
leaf_weight=59 38 34 51 58 50 36 33
leaf_count=59 38 34 51 58 50 36 33
internal_value=0 0.00149049 -0.000627149 -0.00201176 0.000167565 0.00108414 0
internal_weight=359 105 254 109 145 95 67
internal_count=359 105 254 109 145 95 67
is_linear=0
shrinkage=0.0221009


Tree=41
num_leaves=9
num_cat=0
split_feature=39 31 56 9 4 4 54 59
split_gain=0.652654 0.855058 0.903866 0.787493 0.41736 0.455235 0.494655 0.000539312
threshold=95.695000000000007 0.41850000000000004 0.75150000000000017 6.7120000000000006 0.26850000000000007 1.0000000180025095e-35 0.72810000000000008 -0.30949999999999994
decision_type=2 8 10 8 2 2 8 10
left_child=1 2 -1 -2 5 -3 -7 -5
right_child=3 4 -4 7 -6 6 -8 -9
leaf_value=0 0.0039970158033921059 0.00090268196495061064 -0.0051464001873692856 7.535474340735668e-05 0.0020207577044130559 -0.0030720147546792549 0 -4.6058036255185017e-05
leaf_weight=38 38 49 36 34 45 47 39 33
leaf_count=38 38 49 36 34 45 47 39 33
internal_value=0 -0.000613476 -0.00263265 0.00145759 1.85536e-05 -0.000384617 -0.00153359 0
internal_weight=359 254 74 105 180 135 86 67
internal_count=359 254 74 105 180 135 86 67
is_linear=0
shrinkage=0.0221009


Tree=42
num_leaves=8
num_cat=0
split_feature=36 25 22 41 14 6 12
split_gain=0.634376 1.21373 0.611896 0.374821 0.604675 0.357841 0.389683
threshold=1.8650000000000002 57.500000000000007 0.19500000000000003 33.95000000000001 -1.0000000180025095e-35 1.0610000000000002 9.1525000000000016
decision_type=10 8 10 10 10 8 10
left_child=1 -1 -2 5 -5 -3 -7
right_child=2 3 -4 4 -6 6 -8
leaf_value=0.0040062897160341119 0 -0.00060606746803870779 -0.0038804713859612321 0.00021577206667877679 -0.0028309467191983016 0 0.0027697615838863788
leaf_weight=41 42 47 36 33 54 55 51
leaf_count=41 42 47 36 33 54 55 51
internal_value=0 0.000484445 -0.0017678 0 -0.00126514 0.000534704 0.00137764
internal_weight=359 281 78 240 87 153 106
internal_count=359 281 78 240 87 153 106
is_linear=0
shrinkage=0.0221009


Tree=43
num_leaves=9
num_cat=0
split_feature=33 33 37 15 2 9 5 1
split_gain=0.632471 0.826691 0.797461 0.474515 0.527872 0.504282 0.0969781 0.0669354
threshold=8.6962940068836669 6.648547367354694 -30.784999999999997 0.1145 45.675000000000004 0.58750000000000002 0.17144600000000002 0.22250000000000003
decision_type=8 10 8 10 10 10 8 10
left_child=1 7 -2 4 6 -6 -4 -1
right_child=2 -3 3 -5 5 -7 -8 -9
leaf_value=0.00028095845841231537 -0.0039008800464001765 0.0032414694562919242 -2.2784022287920967e-05 0.0021002965978785025 0 -0.0038406044846532794 0.0010475113629623087 -0.00086676743582169997
leaf_weight=33 33 57 45 36 32 39 44 40
leaf_count=33 33 57 45 36 32 39 44 40
internal_value=0 0.00122639 -0.000703437 0 -0.000674295 -0.00215396 0.00010519 0
internal_weight=359 130 229 196 160 71 89 73
internal_count=359 130 229 196 160 71 89 73
is_linear=0
shrinkage=0.0221009


Tree=44
num_leaves=9
num_cat=0
split_feature=39 31 56 53 20 31 38 31
split_gain=0.630302 0.824179 0.837072 0.752324 1.44264 0.398661 0.527039 0.462792
threshold=95.695000000000007 0.41850000000000004 0.75150000000000017 0.023500000000000004 1.3340500000000002 0.46700000000000003 2.1644330000000003 0.55950000000000011
decision_type=2 8 10 8 8 8 10 10
left_child=1 2 -1 -2 -5 -3 -7 -8
right_child=3 5 -4 4 -6 6 7 -9
leaf_value=0 -0.00041806736879613994 0.0017692486683158278 -0.0050047234583758442 0.0063259468526253911 0 0.00087601637583158349 -0.0035644388501588414 0
leaf_weight=38 35 54 36 32 38 50 37 39
leaf_count=38 35 54 36 32 38 50 37 39
internal_value=0 -0.000600041 -0.00258289 0.00143529 0.00287196 1.70475e-05 -0.000450676 -0.00179355
internal_weight=359 254 74 105 70 180 126 76
internal_count=359 254 74 105 70 180 126 76
is_linear=0
shrinkage=0.0221009


Tree=45
num_leaves=7
num_cat=0
split_feature=36 25 23 42 38 10
split_gain=0.603541 1.15717 0.438804 0.18943 0.212659 0.175619
threshold=1.8650000000000002 57.500000000000007 5.2100000000000009 0.87450000000000017 10.657394000000002 0.5335000000000002
decision_type=10 8 8 8 10 2
left_child=1 -1 -2 -3 5 -5
right_child=2 3 -4 4 -6 -7
leaf_value=0.0039109034676206508 -0.0036216059525676345 -0.001670004829621046 0 -0.00077431270984147313 0.0015044036438511181 0.00064546953744849117
leaf_weight=41 34 32 44 105 47 56
leaf_count=41 34 32 44 105 47 56
internal_value=0 0.000471894 -0.00172492 0 0.000123116 -5.84727e-05
internal_weight=359 281 78 240 208 161
internal_count=359 281 78 240 208 161
is_linear=0
shrinkage=0.0221009


Tree=46
num_leaves=9
num_cat=0
split_feature=39 11 29 10 12 10 33 14
split_gain=0.598722 1.30378 0.793509 0.405283 0.578843 0.400327 0.143176 0.034003
threshold=95.695000000000007 -1.0000000180025095e-35 0.85250000000000015 0.55650000000000011 38.016000000000012 0.39250000000000007 10.382183980080969 0.46750000000000008
decision_type=2 8 10 2 10 2 8 8
left_child=2 -2 3 5 -5 7 -3 -1
right_child=1 6 -4 4 -6 -7 -8 -9
leaf_value=-0.0002926132763196919 0.0050474678956383507 -0.0013340882587310383 -0.0036299263525678524 0 0.0030350500510817431 -0.002291032069406819 0.00056754408574307249 0.00055583265198413782
leaf_weight=35 33 32 36 42 42 55 40 44
leaf_count=35 33 32 36 42 42 55 40 44
internal_value=0 0.00139724 -0.00058643 0 0.00111545 -0.000834676 0 0
internal_weight=359 105 254 218 84 134 72 79
internal_count=359 105 254 218 84 134 72 79
is_linear=0
shrinkage=0.0221009


Tree=47
num_leaves=8
num_cat=0
split_feature=33 23 34 33 1 28 1
split_gain=0.585795 0.817729 0.832684 0.803728 0.635428 0.335749 0.0677581
threshold=8.6962940068836669 5.2100000000000009 10.031963024570571 6.648547367354694 1.8855000000000002 0.14145000000000002 0.22250000000000003
decision_type=8 8 10 10 10 10 10
left_child=3 2 -2 6 5 -3 -1
right_child=1 4 -4 -5 -6 -7 -8
leaf_value=0.00023241830872008844 -0.0049603054575454849 0 0 0.0031681779765226257 0.0022644260946747367 -0.0024675409194150539 -0.00088424190492192637
leaf_weight=33 37 62 44 57 51 35 40
leaf_count=33 37 62 44 57 51 35 40
internal_value=0 -0.000680674 -0.00249566 0.00117652 7.16793e-05 -0.000713398 0
internal_weight=359 229 81 130 148 97 73
internal_count=359 229 81 130 148 97 73
is_linear=0
shrinkage=0.0221009


Tree=48
num_leaves=9
num_cat=0
split_feature=39 11 29 4 4 54 54 33
split_gain=0.585612 1.24874 0.752383 0.42346 0.718491 0.595125 0.524656 0.139213
threshold=95.695000000000007 -1.0000000180025095e-35 0.85250000000000015 0.26850000000000007 1.0000000180025095e-35 0.72810000000000008 0.62940000000000007 10.382183980080969
decision_type=2 8 10 2 2 8 10 8
left_child=2 -2 3 4 -1 -6 -5 -3
right_child=1 7 -4 6 5 -7 -8 -9
leaf_value=0.0011304246204151282 0.004950795502389754 -0.0013051378758562502 -0.0035470588674007802 0.003189829331093482 -0.003860994177815161 0 0 0.00057871173746809113
leaf_weight=44 33 32 36 37 45 58 34 40
leaf_count=44 33 32 36 37 45 58 34 40
internal_value=0 0.00137992 -0.000581882 0 -0.00076548 -0.00192241 0.00130329 0
internal_weight=359 105 254 218 147 103 71 72
internal_count=359 105 254 218 147 103 71 72
is_linear=0
shrinkage=0.0221009


Tree=49
num_leaves=7
num_cat=0
split_feature=36 25 31 31 34 6
split_gain=0.56848 0.854279 0.344434 0.724921 0.629101 0.370601
threshold=8.7300000000000022 58.500000000000007 0.46700000000000003 0.40800000000000008 10.061453484675104 1.0705000000000002
decision_type=10 8 10 10 8 10
left_child=1 -1 3 5 -4 -3
right_child=-2 2 4 -5 -6 -7
leaf_value=0.0027129137892093745 -0.0025261274326303712 7.9767492493384599e-05 -0.0035473785799772909 0.002610349861628281 0 -0.0021806724308769065
leaf_weight=60 39 83 37 51 47 42
leaf_count=60 39 83 37 51 47 42
internal_value=0 0.000298458 -0.000121647 0.0002737 -0.001375 -0.000394404
internal_weight=359 320 260 176 84 125
internal_count=359 320 260 176 84 125
is_linear=0
shrinkage=0.0221009


Tree=50
num_leaves=9
num_cat=0
split_feature=3 31 15 4 38 34 4 32
split_gain=0.560358 0.546399 0.379333 0.414391 0.33401 0.320464 0.263052 0.0985123
threshold=1.0000000180025095e-35 0.41850000000000004 -0.093499999999999986 1.0000000180025095e-35 5.4516155000000008 10.428549828003188 0.13250000000000003 11.082979690137387
decision_type=2 8 10 2 10 10 2 2
left_child=-1 5 3 -3 -4 7 -5 -2
right_child=1 2 4 6 -6 -7 -8 -9
leaf_value=0.002491916605519407 -0.00018497436134882648 0.0013122952112145732 0.0032244864582887198 -0.0023556882325247511 0 0 0 -0.0037631214960423998
leaf_weight=39 32 40 33 49 34 32 65 35
leaf_count=39 32 40 33 49 34 32 65 35
internal_value=0 -0.000312449 0.000156229 -0.000257789 0.00164053 -0.00171918 -0.00112243 -0.00258861
internal_weight=359 320 221 154 67 99 114 67
internal_count=359 320 221 154 67 99 114 67
is_linear=0
shrinkage=0.0221009


Tree=51
num_leaves=9
num_cat=0
split_feature=39 11 31 43 25 33 38 33
split_gain=0.555494 1.20057 0.757166 0.569052 0.706933 0.496387 0.342863 0.129646
threshold=95.695000000000007 -1.0000000180025095e-35 0.41850000000000004 7519.5000000000009 63.500000000000007 8.6962940068836669 3.4924030000000008 10.382183980080969
decision_type=2 8 8 2 8 10 10 8
left_child=2 -2 5 4 -4 -1 -6 -3
right_child=1 7 3 -5 6 -7 -8 -9
leaf_value=0 0.0048464268285125676 -0.0012686845033716822 0.0034548176252887247 -0.0022734342508214001 0.00077260834887863208 -0.0041113589004870485 -0.001880013023085825 0.00054157397700674943
leaf_weight=33 33 32 37 35 73 41 35 40
leaf_count=33 33 32 37 35 73 41 35 40
internal_value=0 0.00134405 -0.000566639 1.73052e-05 0.000817232 -0.00246892 0 0
internal_weight=359 105 254 180 145 74 108 72
internal_count=359 105 254 180 145 74 108 72
is_linear=0
shrinkage=0.0221009


Tree=52
num_leaves=7
num_cat=0
split_feature=36 25 22 53 38 10
split_gain=0.539815 1.04872 0.574909 0.215158 0.306134 0.166488
threshold=1.8650000000000002 57.500000000000007 0.19500000000000003 0.034000000000000009 10.657394000000002 0.5335000000000002
decision_type=10 8 10 8 8 2
left_child=1 -1 -2 -3 5 -5
right_child=2 3 -4 4 -6 -7
leaf_value=0.003718117684294771 0 -0.0012321453230667555 -0.0036843170014978551 -0.0007747569176321385 0.0022137344483340498 0.00070167992837025543
leaf_weight=41 42 61 36 87 33 59
leaf_count=41 42 61 36 87 33 59
internal_value=0 0.000443143 -0.0016344 0 0.000263324 0
internal_weight=359 281 78 240 179 146
internal_count=359 281 78 240 179 146
is_linear=0
shrinkage=0.0221009


Tree=53
num_leaves=9
num_cat=0
split_feature=39 11 38 4 38 33 33 22
split_gain=0.534978 1.14095 0.586207 0.682736 0.257347 0.143098 0.120262 0.0180884
threshold=95.695000000000007 -1.0000000180025095e-35 3.2528040000000007 0.14750000000000002 1.2675215000000002 9.5802798281146142 10.382183980080969 0.51285000000000014
decision_type=2 8 10 2 8 10 8 8
left_child=2 -2 4 -4 5 7 -3 -1
right_child=1 6 3 -5 -6 -7 -8 -9
leaf_value=0.00052507707748129849 0.0047319839561712519 -0.0012179984237462333 -0.003347489576967299 0 0.0016111431904979817 -0.0014971837702406445 0.000528865218027895 0
leaf_weight=32 33 32 62 47 48 33 40 32
leaf_count=32 33 32 62 47 48 33 40 32
internal_value=0 0.00131866 -0.000556402 -0.00182147 0.00014841 -0.000207501 0 0
internal_weight=359 105 254 109 145 97 72 64
internal_count=359 105 254 109 145 97 72 64
is_linear=0
shrinkage=0.0221009


Tree=54
num_leaves=6
num_cat=0
split_feature=3 28 33 22 15
split_gain=0.526503 0.3575 0.357662 0.390154 0.186718
threshold=1.0000000180025095e-35 0.31745000000000007 11.252258936969115 0.22610000000000005 -1.1984999999999999
decision_type=2 10 10 8 10
left_child=-1 2 3 -2 -5
right_child=1 -3 -4 4 -6
leaf_value=0.0024163950460724822 -0.0020879991203864275 -0.0019600994279179449 0.0017317277866049808 -0.00039701336726758368 0.0010881060568047509
leaf_weight=39 50 53 49 105 63
leaf_count=39 50 53 49 105 63
internal_value=0 -0.00030196 0 -0.000355888 0
internal_weight=359 320 267 218 168
internal_count=359 320 267 218 168
is_linear=0
shrinkage=0.0221009


Tree=55
num_leaves=8
num_cat=0
split_feature=33 9 23 38 33 28 2
split_gain=0.524753 0.790968 0.771896 1.26505 0.421042 0.315328 0.0512365
threshold=8.6962940068836669 0.23250000000000001 5.2100000000000009 2.6771735000000008 11.252258936969115 0.15865000000000004 -2.9649999999999994
decision_type=8 10 8 8 10 8 10
left_child=1 6 3 -2 5 -4 -1
right_child=2 -3 4 -5 -6 -7 -8
leaf_value=-0.00065830764570403908 0 0.0035273071784239947 0.00019432621361294681 -0.0049158601770158414 0.0018230056950761502 -0.0018934813927439229 0.00039306144047365218
leaf_weight=42 36 44 44 45 54 50 44
leaf_count=42 36 44 44 45 54 50 44
internal_value=0 0.00111497 -0.000642825 -0.00240982 8.32464e-05 -0.000536506 0
internal_weight=359 130 229 81 148 94 86
internal_count=359 130 229 81 148 94 86
is_linear=0
shrinkage=0.0221009


Tree=56
num_leaves=9
num_cat=0
split_feature=39 11 31 43 12 24 30 33
split_gain=0.511863 1.0883 0.71863 0.544362 0.730291 0.473966 0.16099 0.115861
threshold=95.695000000000007 -1.0000000180025095e-35 0.41850000000000004 7519.5000000000009 38.016000000000012 0.053300000000000007 0.0075000000000000006 10.382183980080969
decision_type=2 8 8 2 10 10 8 8
left_child=2 -2 5 4 6 -1 -4 -3
right_child=1 7 3 -5 -6 -7 -8 -9
leaf_value=0 0.0046281378585425158 -0.0011893006439080939 -0.0014909754064384836 -0.0022054576395997183 0.0030366327968843563 -0.0039982619565469158 0.00028647268128005675 0.00053038868955755246
leaf_weight=33 33 32 33 35 49 41 63 40
leaf_count=33 33 32 33 35 49 41 63 40
internal_value=0 0.00129533 -0.00053885 2.60306e-05 0.000811639 -0.0023948 0 0
internal_weight=359 105 254 180 145 74 96 72
internal_count=359 105 254 180 145 74 96 72
is_linear=0
shrinkage=0.0221009


Tree=57
num_leaves=8
num_cat=0
split_feature=36 25 24 41 15 6 32
split_gain=0.503292 0.98549 0.556269 0.299873 0.536826 0.333997 0.138946
threshold=1.8650000000000002 57.500000000000007 3.4794500000000004 33.95000000000001 0.63200000000000012 1.0610000000000002 11.082979690137387
decision_type=10 8 8 10 8 10 2
left_child=1 -1 -2 5 -5 6 -3
right_child=2 3 -4 4 -6 -7 -8
leaf_value=0.0036070588061847594 -0.0036951114810028999 0.0003851599717152239 0 -0.0027627988163188362 2.4723147497340446e-05 0.0017982472317891233 -0.0011301056896544396
leaf_weight=41 34 44 44 49 38 61 48
leaf_count=41 34 44 44 49 38 61 48
internal_value=0 0.000432958 -0.00157316 0 -0.00113524 0.000473345 -1.72377e-05
internal_weight=359 281 78 240 87 153 92
internal_count=359 281 78 240 87 153 92
is_linear=0
shrinkage=0.0221009


Tree=58
num_leaves=10
num_cat=0
split_feature=39 11 38 56 23 38 33 33 22
split_gain=0.49479 1.03204 0.52945 0.643549 0.602519 0.245721 0.136174 0.109635 0.0149507
threshold=95.695000000000007 -1.0000000180025095e-35 3.2528040000000007 0.44850000000000007 5.4700000000000006 1.2675215000000002 9.5802798281146142 10.382183980080969 0.51285000000000014
decision_type=2 8 10 8 10 8 10 8 8
left_child=2 -2 5 -4 -5 6 8 -3 -1
right_child=1 7 3 4 -6 -7 -8 -9 -10
leaf_value=0.00047736772868770726 0.0045192433363322139 -0.0011469024097897106 0 -0.0046089556017672329 0 0.0015677556558659125 -0.0014648873895462614 0.00053350404421060791 0
leaf_weight=32 33 32 33 44 32 48 33 40 32
leaf_count=32 33 32 33 44 32 48 33 40 32
internal_value=0 0.00127519 -0.000528143 -0.0017317 -0.00290408 0.000130418 -0.000212911 0 0
internal_weight=359 105 254 109 76 145 97 72 64
internal_count=359 105 254 109 76 145 97 72 64
is_linear=0
shrinkage=0.0221009


Tree=59
num_leaves=7
num_cat=0
split_feature=3 29 4 55 36 0
split_gain=0.489324 0.405656 0.31471 0.596116 0.693954 0.292745
threshold=1.0000000180025095e-35 0.85250000000000015 1.0000000180025095e-35 1.0000000180025095e-35 13.985000000000001 86.600000000000009
decision_type=2 10 2 10 8 2
left_child=-1 2 -2 5 -5 -4
right_child=1 -3 3 4 -6 -7
leaf_value=0.0023367745403806172 0.0014234600565740697 -0.0023078347339463151 -0.00218043218375289 0.0022604570704251948 -0.0013372106308014999 0
leaf_weight=39 61 42 88 64 32 33
leaf_count=39 61 42 88 64 32 33
internal_value=0 -0.000283919 0 -0.000371942 0.000688996 -0.00150893
internal_weight=359 320 278 217 96 121
internal_count=359 320 278 217 96 121
is_linear=0
shrinkage=0.0221009


Tree=60
num_leaves=8
num_cat=0
split_feature=35 28 25 12 43 24 34
split_gain=0.489266 0.92047 0.876545 0.97102 0.830073 0.367228 0.104039
threshold=0.50550000000000017 0.30770000000000003 248.00000000000003 46.443500000000007 891.50000000000011 7.6919000000000013 10.09301941656272
decision_type=2 8 8 8 2 8 10
left_child=4 2 3 -2 -1 -3 -4
right_child=1 5 6 -5 -6 -7 -8
leaf_value=0 0.0051227375922621061 -0.002523206005200381 -0.0011434331574639446 0 -0.004261972712441533 0 0.00043599128561045406
leaf_weight=61 50 44 33 46 32 53 40
leaf_count=61 50 44 33 46 32 53 40
internal_value=0 0.000484042 0.00155905 0.00295563 -0.00137786 -0.00102042 0
internal_weight=359 266 169 96 93 97 73
internal_count=359 266 169 96 93 97 73
is_linear=0
shrinkage=0.0221009


Tree=61
num_leaves=9
num_cat=0
split_feature=33 33 37 45 9 33 38 1
split_gain=0.468691 0.776282 0.699317 0.331545 0.638548 0.439881 0.38405 0.0698727
threshold=8.6962940068836669 6.648547367354694 -30.784999999999997 1.0000000180025095e-35 0.41350000000000003 9.6473723421287243 4.350531000000001 0.22250000000000003
decision_type=8 10 8 8 10 10 10 10
left_child=1 7 -2 5 -5 -4 -7 -1
right_child=2 -3 3 4 -6 6 -8 -9
leaf_value=5.5143096970886626e-05 -0.0035813642914640786 0.0030360668308278649 -0.00038254052056917799 0.00040354599730197375 -0.0028505089842436248 0.0037441334967786405 0 -0.00092181479992849266
leaf_weight=33 33 57 46 34 51 32 33 40
leaf_count=33 33 57 46 34 51 32 33 40
internal_value=0 0.00106195 -0.000599332 0 -0.00112906 0.000694286 0.00200562 0
internal_weight=359 130 229 196 85 111 65 73
internal_count=359 130 229 196 85 111 65 73
is_linear=0
shrinkage=0.0221009


Tree=62
num_leaves=7
num_cat=0
split_feature=36 25 24 56 4 12
split_gain=0.464665 0.922303 0.527993 0.195184 0.206084 0.203164
threshold=1.8650000000000002 57.500000000000007 3.4794500000000004 1.0015000000000003 0.26850000000000007 62.757500000000007
decision_type=10 8 8 10 2 8
left_child=1 -1 -2 4 5 -3
right_child=2 3 -4 -5 -6 -7
leaf_value=0.003491979274344051 -0.0035738514972096201 -0.00098860073370995376 0 -0.0014332053508994357 0.001437494498402287 0.00058558133517389325
leaf_weight=41 34 78 44 43 52 67
leaf_count=41 34 78 44 43 52 67
internal_value=0 0.000421848 -0.00150575 0 0.00018737 -1.48214e-05
internal_weight=359 281 78 240 197 145
internal_count=359 281 78 240 197 145
is_linear=0
shrinkage=0.0221009


Tree=63
num_leaves=9
num_cat=0
split_feature=35 28 24 35 43 33 30 42
split_gain=0.463016 0.87669 0.834568 0.842601 0.78583 0.393221 0.372064 0.367773
threshold=0.50550000000000017 0.30770000000000003 0.45650000000000007 0.54500000000000015 891.50000000000011 13.822341179084624 0.14400000000000002 0.88750000000000007
decision_type=2 8 8 2 2 8 10 8
left_child=4 2 -2 -4 -1 6 -3 -5
right_child=1 5 3 7 -6 -7 -8 -9
leaf_value=0 0.0048999617078145062 0 0.0029651827446697076 -0.0024550679005564233 -0.0041451523331938059 0.00014567781204242539 -0.0038228503697939195 6.146238850233248e-05
leaf_weight=61 32 33 48 33 32 32 32 56
leaf_count=61 32 33 48 33 32 32 32 56
internal_value=0 0.000472413 0.00152355 0.000472686 -0.00133885 -0.000990463 -0.00209905 -0.000470991
internal_weight=359 266 169 137 93 97 65 89
internal_count=359 266 169 137 93 97 65 89
is_linear=0
shrinkage=0.0221009


Tree=64
num_leaves=9
num_cat=0
split_feature=39 56 31 56 31 38 31 38
split_gain=0.453012 0.680625 0.671265 0.654821 0.315695 0.39557 0.43978 0.131236
threshold=95.695000000000007 0.99850000000000005 0.41850000000000004 0.75150000000000017 0.46700000000000003 2.1644330000000003 0.55950000000000011 8.4582100000000011
decision_type=2 10 8 10 8 10 10 8
left_child=2 7 3 -1 -4 -6 -7 -2
right_child=1 -3 4 -5 5 6 -8 -9
leaf_value=0 -0.00092798088550550119 0.0039112562645422424 0.0016060344770928215 -0.0044409685737451495 0.00075187106650858562 -0.0032646674190504382 0 0.00094425484744600774
leaf_weight=38 35 32 54 36 50 37 39 38
leaf_count=38 35 32 54 36 50 37 39 38
internal_value=0 0.00122559 -0.000499903 -0.00229811 4.12221e-05 -0.000346161 -0.00153862 0
internal_weight=359 105 254 74 180 126 76 73
internal_count=359 105 254 74 180 126 76 73
is_linear=0
shrinkage=0.0221009


Tree=65
num_leaves=8
num_cat=0
split_feature=3 31 54 55 15 4 38
split_gain=0.4447 0.469133 0.411678 0.369447 0.927784 0.499541 0.285213
threshold=1.0000000180025095e-35 0.41850000000000004 0.92775000000000019 1.0000000180025095e-35 -0.093499999999999986 1.0000000180025095e-35 1.9617190000000002
decision_type=2 8 10 10 10 2 10
left_child=-1 2 -2 5 -5 -3 -7
right_child=1 3 -4 4 -6 6 -8
leaf_value=0.0022331738427721882 -0.0029306944901008086 0.0013510215082950772 0 0 0.0042671411994337468 0 -0.0023822673195267744
leaf_weight=39 52 37 47 55 34 36 59
leaf_count=39 52 37 47 55 34 36 59
internal_value=0 -0.000265079 -0.00157578 0.00016056 0.00136844 -0.000383335 -0.00143524
internal_weight=359 320 99 221 89 132 95
internal_count=359 320 99 221 89 132 95
is_linear=0
shrinkage=0.0221009


Tree=66
num_leaves=8
num_cat=0
split_feature=36 25 22 41 14 38 34
split_gain=0.433309 0.868939 0.511499 0.262716 0.535924 0.281746 0.0594532
threshold=1.8650000000000002 57.500000000000007 0.19500000000000003 33.95000000000001 -1.0000000180025095e-35 9.0797100000000022 9.0511901801643155
decision_type=10 8 10 10 10 8 10
left_child=1 -1 -2 5 -5 6 -3
right_child=2 3 -4 4 -6 -7 -8
leaf_value=0.0033913792870770383 0 -0.00085331141043635671 -0.0033883246423706001 0.00032637681492002964 -0.0025656866338586524 0.0022925205265276836 0.00025313633875671652
leaf_weight=41 42 32 36 33 54 32 89
leaf_count=41 42 32 36 33 54 32 89
internal_value=0 0.000411784 -0.00144957 0 -0.00105845 0.000448635 0
internal_weight=359 281 78 240 87 153 121
internal_count=359 281 78 240 87 153 121
is_linear=0
shrinkage=0.0221009


Tree=67
num_leaves=8
num_cat=0
split_feature=35 6 21 36 35 34 34
split_gain=0.433206 0.701522 0.636718 1.03222 0.613464 0.49203 0.532917
threshold=0.50550000000000017 1.0445000000000002 1.2412500000000002 2.1300000000000003 0.58650000000000013 10.031963024570571 10.718378274106309
decision_type=2 10 8 8 2 10 10
left_child=1 -1 3 -2 5 -4 -7
right_child=2 -3 4 -5 -6 6 -8
leaf_value=0 0.0045477451122234889 -0.00332174976498104 -0.0012237644486117892 0 -0.0028742427379593789 0.0032967542263897592 0
leaf_weight=48 42 45 45 48 35 41 55
leaf_count=48 42 45 45 48 35 41 55
internal_value=0 -0.00128809 0.000463757 0.00201445 -0.000126483 0.000302868 0.00139089
internal_weight=359 93 266 90 176 141 96
internal_count=359 93 266 90 176 141 96
is_linear=0
shrinkage=0.0221009


Tree=68
num_leaves=8
num_cat=0
split_feature=39 36 31 56 43 12 38
split_gain=0.432805 0.660878 0.615005 0.611313 0.485449 0.692114 0.136883
threshold=95.695000000000007 8.7300000000000022 0.41850000000000004 0.75150000000000017 7519.5000000000009 38.016000000000012 3.4924030000000008
decision_type=2 8 8 10 2 10 8
left_child=2 -2 3 -1 5 6 -4
right_child=1 -3 4 -5 -6 -7 -8
leaf_value=0 0.0032821791958637099 0 0.00020963067179640172 -0.0042744802547981919 -0.0020678318499789748 0.0029451874904913174 -0.0014137058039915998
leaf_weight=38 44 61 64 36 35 49 32
leaf_count=38 44 61 64 36 35 49 32
internal_value=0 0.00120168 -0.000484824 -0.00220498 2.42001e-05 0.000776113 0
internal_weight=359 105 254 74 180 145 96
internal_count=359 105 254 74 180 145 96
is_linear=0
shrinkage=0.0221009


Tree=69
num_leaves=8
num_cat=0
split_feature=33 33 23 38 1 32 1
split_gain=0.428851 0.738437 0.679548 1.09152 0.59351 0.320083 0.0645598
threshold=8.6962940068836669 6.648547367354694 5.2100000000000009 2.6771735000000008 1.8855000000000002 14.115536626154489 0.22250000000000003
decision_type=8 10 8 8 10 2 10
left_child=1 6 3 -2 5 -4 -1
right_child=2 -3 4 -5 -6 -7 -8
leaf_value=0 0 0.0029488266613439478 -0.0017468370532551273 -0.0045624253502732411 0.0022184159622247721 0.00035007204452124421 -0.0008873836214149302
leaf_weight=33 36 57 63 45 51 34 40
leaf_count=33 36 57 63 45 51 34 40
internal_value=0 0.00102022 -0.000568836 -0.00223409 0.000101514 -0.000643683 0
internal_weight=359 130 229 81 148 97 73
internal_count=359 130 229 81 148 97 73
is_linear=0
shrinkage=0.0221009


Tree=70
num_leaves=9
num_cat=0
split_feature=50 23 38 41 0 29 9 12
split_gain=0.422374 0.65523 0.775515 0.652804 0.45525 0.134181 0.0928693 0.113855
threshold=0.65000000000000002 5.4700000000000006 2.6771735000000008 54.165000000000006 10.050000000000002 0.58750000000000002 0.42950000000000005 11.361000000000002
decision_type=8 8 8 10 2 8 10 10
left_child=3 2 -2 5 -3 -1 7 -6
right_child=1 4 -4 -5 6 -7 -8 -9
leaf_value=-0.00076793060436856409 0 0.0021382972848036099 -0.004011985292204109 0.0038048338511780405 0 0.0010554676570757623 0 -0.0018996573578905309
leaf_weight=43 39 46 47 32 38 36 46 32
leaf_count=43 39 46 47 32 38 36 46 32
internal_value=0 -0.000496911 -0.00209721 0.00114294 0.000132394 0 -0.000355553 -0.000925765
internal_weight=359 248 86 111 162 79 116 70
internal_count=359 248 86 111 162 79 116 70
is_linear=0
shrinkage=0.0221009


Tree=71
num_leaves=7
num_cat=0
split_feature=3 29 4 55 36 5
split_gain=0.414648 0.334963 0.278221 0.549675 0.614189 0.316761
threshold=1.0000000180025095e-35 0.85250000000000015 1.0000000180025095e-35 1.0000000180025095e-35 13.985000000000001 0.24242700000000003
decision_type=2 10 2 10 8 10
left_child=-1 2 -2 5 -5 -4
right_child=1 -3 3 4 -6 -7
leaf_value=0.0021615607547002076 0.0013447358887531604 -0.0020902829846782558 0 0.0021554828148464622 -0.0011893960577056004 -0.0025370964263648505
leaf_weight=39 61 42 58 64 32 63
leaf_count=39 61 42 58 64 32 63
internal_value=0 -0.000250595 0 -0.000342806 0.000668315 -0.00144027
internal_weight=359 320 278 217 96 121
internal_count=359 320 278 217 96 121
is_linear=0
shrinkage=0.0221009


Tree=72
num_leaves=9
num_cat=0
split_feature=39 11 31 24 4 4 6 33
split_gain=0.413686 0.975136 0.584801 0.388505 0.340621 0.360277 0.328602 0.100912
threshold=95.695000000000007 -1.0000000180025095e-35 0.41850000000000004 0.053300000000000007 0.26850000000000007 1.0000000180025095e-35 1.2105000000000004 10.382183980080969
decision_type=2 8 8 10 2 2 8 8
left_child=2 -2 3 -1 5 -4 -7 -3
right_child=1 7 4 -5 -6 6 -8 -9
leaf_value=0 0.0043378566008234502 -0.001145749343254164 0.00077808293875938732 -0.0035997509143098775 0.0018393798232967955 0 -0.0027957789592583699 0.00042467463413675748
leaf_weight=33 33 32 49 41 45 45 41 40
leaf_count=33 33 32 49 41 45 45 41 40
internal_value=0 0.001177 -0.00047177 -0.0021495 1.97993e-05 -0.000322456 -0.00136501 0
internal_weight=359 105 254 74 180 135 86 72
internal_count=359 105 254 74 180 135 86 72
is_linear=0
shrinkage=0.0221009


Tree=73
num_leaves=8
num_cat=0
split_feature=33 9 37 15 23 0 12
split_gain=0.407715 0.719725 0.620623 0.346014 0.778146 0.352006 0.0524399
threshold=8.6962940068836669 0.23250000000000001 -30.784999999999997 0.1145 5.2100000000000009 18.550000000000004 37.360500000000009
decision_type=8 10 8 10 8 2 8
left_child=1 6 -2 4 -4 -6 -1
right_child=2 -3 3 -5 5 -7 -8
leaf_value=-0.00061793169562252947 -0.0033564355920146951 0.0033065096830907879 -0.0027375496084624416 0.0018735215222153738 0.0019707623910453016 -0.00034213693326275586 0.00042480011660613244
leaf_weight=50 33 44 55 36 45 60 36
leaf_count=50 33 44 55 36 45 60 36
internal_value=0 0.000999846 -0.000549427 0 -0.000515228 0.000309249 0
internal_weight=359 130 229 196 160 105 86
internal_count=359 130 229 196 160 105 86
is_linear=0
shrinkage=0.0221009


Tree=74
num_leaves=9
num_cat=0
split_feature=43 50 12 33 0 28 11 5
split_gain=0.403832 0.727773 0.791391 0.910958 0.759323 0.462231 0.321906 0.00293002
threshold=7191.0000000000009 0.55000000000000016 38.016000000000012 10.850584004447215 46.650000000000013 0.31075000000000003 9.3400000000000016 0.15805350000000004
decision_type=2 8 8 10 2 8 8 10
left_child=1 -1 4 6 -3 -2 -4 -6
right_child=5 2 3 -5 7 -7 -8 -9
leaf_value=0.0028123353947594031 0 -0.0034612080094388121 0.001196188553097819 0.0039937081869696181 0 -0.0032582985528150708 -0.0014735694603275305 0.00021132832907229057
leaf_weight=50 33 51 43 37 33 36 44 32
leaf_count=50 33 51 43 37 33 36 44 32
internal_value=0 0.00037296 0 0.00108458 -0.00144002 -0.00150748 0 0
internal_weight=359 290 240 124 116 69 87 65
internal_count=359 290 240 124 116 69 87 65
is_linear=0
shrinkage=0.0221009


Tree=75
num_leaves=9
num_cat=0
split_feature=39 36 31 43 48 33 34 28
split_gain=0.397574 0.618099 0.565685 0.437615 0.47722 0.364474 0.351264 0.042875
threshold=95.695000000000007 8.7300000000000022 0.41850000000000004 7519.5000000000009 0.41650000000000004 8.6962940068836669 10.031963024570571 0.021550000000000003
decision_type=2 8 8 2 10 10 8 8
left_child=2 -2 5 4 7 -1 -6 -4
right_child=1 -3 3 -5 6 -7 -8 -9
leaf_value=0 0.003168479744673392 0 -0.00080841809871737562 -0.0019534519849183033 0 -0.0035186274984199857 0.0037733776533962608 0
leaf_weight=33 44 61 32 35 32 41 34 47
leaf_count=33 44 61 32 35 32 41 34 47
internal_value=0 0.0011556 -0.000460681 1.98504e-05 0.000743077 -0.00211158 0.0021776 -3.74e-06
internal_weight=359 105 254 180 145 74 66 79
internal_count=359 105 254 180 145 74 66 79
is_linear=0
shrinkage=0.0221009


Tree=76
num_leaves=8
num_cat=0
split_feature=36 25 22 41 14 6 32
split_gain=0.393569 0.78374 0.468731 0.232908 0.500187 0.304569 0.122923
threshold=1.8650000000000002 57.500000000000007 0.19500000000000003 33.95000000000001 -1.0000000180025095e-35 1.0610000000000002 11.082979690137387
decision_type=10 8 10 10 10 10 2
left_child=1 -1 -2 5 -5 6 -3
right_child=2 3 -4 4 -6 -7 -8
leaf_value=0.0032248358217502287 0 0.00030441079115245244 -0.0032346448140833841 0.00032334447192880478 -0.0024587245539588035 0.0017007759360724484 -0.0010800038713814518
leaf_weight=41 42 44 36 33 54 61 48
leaf_count=41 42 44 36 33 54 61 48
internal_value=0 0.000395868 -0.00137798 0 -0.000993192 0.000426955 -2.97259e-05
internal_weight=359 281 78 240 87 153 92
internal_count=359 281 78 240 87 153 92
is_linear=0
shrinkage=0.0221009


Tree=77
num_leaves=8
num_cat=0
split_feature=35 28 52 43 36 43 31
split_gain=0.390992 0.788013 0.773026 0.696692 0.665329 0.443348 0.420405
threshold=0.50550000000000017 0.2114 0.7330000000000001 891.50000000000011 8.7300000000000022 7191.0000000000009 0.41850000000000004
decision_type=2 8 10 2 8 2 10
left_child=3 2 -2 -1 -4 6 -3
right_child=1 5 4 -5 -6 -7 -8
leaf_value=0 0 -0.0010096535863324708 0.0045482297497201453 -0.0038654158720691934 0 -0.0024536570377808407 0.0019454447992015773
leaf_weight=61 48 49 53 32 32 43 41
leaf_count=61 48 49 53 32 32 43 41
internal_value=0 0.000444076 0.00172254 -0.00122011 0.00301356 -0.000565871 0
internal_weight=359 266 133 93 85 133 90
internal_count=359 266 133 93 85 133 90
is_linear=0
shrinkage=0.0221009


Tree=78
num_leaves=9
num_cat=0
split_feature=50 41 34 9 13 22 35 23
split_gain=0.382787 0.603359 0.598471 0.977601 0.294229 0.19283 0.136003 0.0544874
threshold=0.65000000000000002 54.165000000000006 10.031963024570571 0.52150000000000019 12.450477113456934 0.17255000000000001 0.5505000000000001 5.4700000000000006
decision_type=8 10 10 10 8 10 2 8
left_child=1 5 3 7 -4 -1 -6 -2
right_child=2 -3 4 -5 6 -7 -8 -9
leaf_value=0.0010738400889295668 -0.00091038148075927997 0.0036473236784394028 0.0017094498745364589 -0.0049643731755815088 1.8985118547394102e-05 -0.0011107113268311257 -0.0013450044731087951 3.5267864180020634e-05
leaf_weight=42 32 32 52 33 49 37 38 44
leaf_count=42 32 32 52 33 49 37 38 44
internal_value=0 0.00108861 -0.000472488 -0.00175773 0.000278535 0 -0.000166524 0
internal_weight=359 111 248 109 139 79 87 76
internal_count=359 111 248 109 139 79 87 76
is_linear=0
shrinkage=0.0221009


Tree=79
num_leaves=9
num_cat=0
split_feature=39 56 29 4 4 34 12 30
split_gain=0.377188 0.584848 0.564031 0.360859 0.548758 0.334243 0.173506 0.0929564
threshold=95.695000000000007 0.99850000000000005 0.85250000000000015 0.26850000000000007 1.0000000180025095e-35 10.933943241983258 38.016000000000012 0.0025000000000000005
decision_type=2 10 10 2 2 8 8 10
left_child=2 7 3 4 -1 -6 -5 -2
right_child=1 -3 -4 6 5 -7 -8 -9
leaf_value=0.00094824039783639169 0.00078895337150504039 0.003615286957706547 -0.003009884605773496 0 -0.0025270682695908301 0 0.0024539707089106647 -0.00078729824770172748
leaf_weight=44 38 32 36 38 71 32 33 35
leaf_count=44 38 32 36 38 71 32 33 35
internal_value=0 0.00112599 -0.000448293 0 -0.000649378 -0.00167886 0.00126813 0
internal_weight=359 105 254 218 147 103 71 73
internal_count=359 105 254 218 147 103 71 73
is_linear=0
shrinkage=0.0221009


Tree=80
num_leaves=8
num_cat=0
split_feature=3 31 54 15 48 4 4
split_gain=0.376196 0.385228 0.380249 0.299897 0.431211 0.329868 0.19653
threshold=1.0000000180025095e-35 0.41850000000000004 0.92775000000000019 -0.093499999999999986 0.58350000000000002 1.0000000180025095e-35 0.13250000000000003
decision_type=2 8 10 10 8 2 2
left_child=-1 2 -2 5 -5 -3 -7
right_child=1 3 -4 4 -6 6 -8
leaf_value=0.0020626756600094867 -0.0027280083744049481 0.0011567263441053842 0 0.0031810400602251309 0 -0.0020702603028377076 0
leaf_weight=39 52 40 47 35 32 49 65
leaf_count=39 52 40 47 35 32 49 65
internal_value=0 -0.000234679 -0.00142667 0.000137762 0.00146556 -0.000208137 -0.00100074
internal_weight=359 320 99 221 67 154 114
internal_count=359 320 99 221 67 154 114
is_linear=0
shrinkage=0.0221009


Tree=81
num_leaves=9
num_cat=0
split_feature=35 28 25 36 6 33 30 32
split_gain=0.368243 0.74255 0.749768 1.597 0.627228 0.351439 0.314578 0.0994592
threshold=0.50550000000000017 0.30770000000000003 248.00000000000003 2.1300000000000003 1.0445000000000002 13.822341179084624 0.14400000000000002 12.013053657200906
decision_type=2 8 8 8 10 8 10 2
left_child=4 2 3 -2 -1 6 -3 -4
right_child=1 5 7 -5 -6 -7 -8 -9
leaf_value=0 0.0052845400981051914 0 -0.0009851144308833154 0 -0.0031116419416391105 0.00014390343967222392 -0.0035432889825058526 0.0005422896848719178
leaf_weight=48 53 33 40 43 45 32 32 33
leaf_count=48 53 33 40 43 45 32 32 33
internal_value=0 0.000433896 0.00140795 0.00270222 -0.00118102 -0.00089469 -0.00195528 0
internal_weight=359 266 169 96 93 97 65 73
internal_count=359 266 169 96 93 97 65 73
is_linear=0
shrinkage=0.0221009


Tree=82
num_leaves=8
num_cat=0
split_feature=33 33 29 27 4 36 24
split_gain=0.364188 0.669793 0.542446 0.259698 0.330944 0.331902 0.0624106
threshold=8.6962940068836669 6.648547367354694 0.85250000000000015 25.000000000000004 0.013000000000000003 -3.5449999999999995 1.2832000000000001
decision_type=8 10 10 8 2 10 8
left_child=1 6 3 -2 -5 -6 -1
right_child=2 -3 -4 4 5 -7 -8
leaf_value=-0.00089512734855181025 0.0012474431457216446 0.0027904942782213506 -0.0030063805869710446 0.00068367710076876198 0 -0.0022653465962713054 0
leaf_weight=38 54 57 36 37 34 68 35
leaf_count=38 54 57 36 37 34 68 35
internal_value=0 0.000948716 -0.000515378 0 -0.000554468 -0.00135399 -8.79733e-07
internal_weight=359 130 229 193 139 102 73
internal_count=359 130 229 193 139 102 73
is_linear=0
shrinkage=0.0221009


Tree=83
num_leaves=7
num_cat=0
split_feature=43 25 33 42 28 20
split_gain=0.359839 0.756126 0.502776 0.41181 0.398235 0.112969
threshold=7191.0000000000009 57.500000000000007 11.252258936969115 0.88750000000000007 0.31075000000000003 1.2329500000000002
decision_type=2 8 10 8 8 8
left_child=1 -1 3 -3 -2 -5
right_child=4 2 -4 5 -6 -7
leaf_value=0.0032272718339128965 0 -0.0021432286553445452 0.00217410000894351 0.0011676476608404633 -0.0030391425847360793 -0.00024824652584329142
leaf_weight=39 33 56 40 35 36 120
leaf_count=39 33 56 40 35 36 120
internal_value=0 0.00035883 0 -0.000516471 -0.00141588 0
internal_weight=359 290 251 211 69 155
internal_count=359 290 251 211 69 155
is_linear=0
shrinkage=0.0221009


Tree=84
num_leaves=8
num_cat=0
split_feature=36 22 4 56 41 39 33
split_gain=0.355761 0.463947 0.40994 0.624235 0.387291 0.356446 0.591999
threshold=1.8650000000000002 0.19500000000000003 0.25050000000000006 1.0015000000000003 71.890000000000001 32.285000000000004 10.186274685436125
decision_type=10 10 2 8 10 2 10
left_child=2 -2 4 -4 5 -1 -7
right_child=1 -3 3 -5 -6 6 -8
leaf_value=-0.0012279520297664944 0 -0.0031552471690864917 0.0035229688574545115 0 -0.0021144209848350136 0 0.0036353851350124922
leaf_weight=36 42 36 44 40 39 90 32
leaf_count=36 42 36 44 40 39 90 32
internal_value=0 -0.00130171 0.000384392 0.00169604 0 0.000304003 0.00104924
internal_weight=359 78 281 84 197 158 122
internal_count=359 78 281 84 197 158 122
is_linear=0
shrinkage=0.0221009


Tree=85
num_leaves=9
num_cat=0
split_feature=39 11 29 4 4 54 54 33
split_gain=0.355256 0.901227 0.507827 0.332468 0.503008 0.472254 0.470046 0.0977437
threshold=95.695000000000007 -1.0000000180025095e-35 0.85250000000000015 0.26850000000000007 1.0000000180025095e-35 0.62940000000000007 0.72810000000000008 10.382183980080969
decision_type=2 8 10 2 2 10 8 8
left_child=2 -2 3 4 -1 -5 -6 -3
right_child=1 7 -4 5 6 -7 -8 -9
leaf_value=0.00087684277537668654 0.0041406215184275853 -0.0011455738350745995 -0.0028617892375337865 0.0030071466375678922 -0.0033299112201859342 0 0 0.00037686461185444008
leaf_weight=44 33 32 36 37 45 34 58 40
leaf_count=44 33 32 36 37 45 34 58 40
internal_value=0 0.00109678 -0.000430868 0 -0.000628372 0.00121182 -0.00161837 0
internal_weight=359 105 254 218 147 71 103 72
internal_count=359 105 254 218 147 71 103 72
is_linear=0
shrinkage=0.0221009


Tree=86
num_leaves=8
num_cat=0
split_feature=35 28 11 32 1 41 28
split_gain=0.34812 0.6923 1.33014 0.401774 0.238702 0.247914 0.216555
threshold=0.50550000000000017 0.2114 1.2950000000000002 11.082979690137387 2.5430000000000006 29.740000000000006 0.032400000000000005
decision_type=2 8 8 2 8 10 10
left_child=3 2 -2 -1 -3 -6 -4
right_child=1 4 6 -5 5 -7 -8
leaf_value=0 0.0039836817435787916 -0.0016146981991285263 -0.0016885704771702392 -0.0030164305744861302 -0.00074131173835051997 0.0017219701605860542 0.00055843924012712737
leaf_weight=58 63 58 33 35 42 33 37
leaf_count=58 63 58 33 35 42 33 37
internal_value=0 0.000422127 0.00162382 -0.00114803 -0.000511039 0 0
internal_weight=359 266 133 93 133 75 70
internal_count=359 266 133 93 133 75 70
is_linear=0
shrinkage=0.0221009


Tree=87
num_leaves=8
num_cat=0
split_feature=3 55 2 23 1 0 32
split_gain=0.344709 0.276155 0.361976 0.708395 0.350609 0.288625 0.238633
threshold=1.0000000180025095e-35 1.0000000180025095e-35 377.50000000000006 6.0000000000000009 1.8855000000000002 28.300000000000001 12.281938352323424
decision_type=2 8 10 10 10 2 2
left_child=-1 4 3 6 5 -2 -3
right_child=1 2 -4 -5 -6 -7 -8
leaf_value=0.0019727617582348434 -0.0030602859776105141 0.00081717331936485686 -0.0015335544517949143 0.0035945434338906946 0 0 -0.0011636243181150621
leaf_weight=39 49 71 37 34 40 38 51
leaf_count=39 49 71 37 34 40 38 51
internal_value=0 -0.000226466 0.000147533 0.000775659 -0.00107603 -0.00191241 0
internal_weight=359 320 193 156 127 87 122
internal_count=359 320 193 156 127 87 122
is_linear=0
shrinkage=0.0221009


Tree=88
num_leaves=9
num_cat=0
split_feature=50 9 34 9 0 32 2 13
split_gain=0.348952 0.576642 0.550616 0.868617 0.459353 0.241084 0.180076 0.0143819
threshold=0.65000000000000002 0.35000000000000003 10.031963024570571 0.52150000000000019 15.750000000000002 13.006262998305145 -4.7799999999999994 9.4998325534026353
decision_type=8 10 10 10 2 2 10 10
left_child=1 6 3 7 -4 -6 -1 -2
right_child=2 -3 4 -5 5 -7 -8 -9
leaf_value=-0.0012017417674167158 -0.0004039727544769436 0.0033884935884256366 0.0022377589823386113 -0.0047103928629790015 0.00027686210592287372 -0.0015983475262354202 0.0009538532763590028 0
leaf_weight=35 43 35 45 33 46 48 41 33
leaf_count=35 43 35 45 33 46 48 41 33
internal_value=0 0.00104271 -0.000447674 -0.00168319 0.000264346 -0.000300919 0 0
internal_weight=359 111 248 109 139 94 76 76
internal_count=359 111 248 109 139 94 76 76
is_linear=0
shrinkage=0.0221009


Tree=89
num_leaves=9
num_cat=0
split_feature=39 11 29 4 4 54 54 32
split_gain=0.334245 0.847598 0.480614 0.308087 0.478487 0.451347 0.432068 0.0576514
threshold=95.695000000000007 -1.0000000180025095e-35 0.85250000000000015 0.26850000000000007 1.0000000180025095e-35 0.62940000000000007 0.72810000000000008 12.176285051571107
decision_type=2 8 10 2 2 10 8 2
left_child=2 -2 3 4 -1 -5 -6 -3
right_child=1 7 -4 5 6 -7 -8 -9
leaf_value=0.00085262104021083978 0.0040148435889500785 0.00024590623206904047 -0.0027838910426436544 0.0029257612385573369 -0.0032183208793601127 0 0 -0.00085999291605373955
leaf_weight=44 33 37 36 37 45 34 58 35
leaf_count=44 33 37 36 37 45 34 58 35
internal_value=0 0.00106282 -0.00041901 0 -0.000605032 0.0011664 -0.00157471 0
internal_weight=359 105 254 218 147 71 103 72
internal_count=359 105 254 218 147 71 103 72
is_linear=0
shrinkage=0.0221009


Tree=90
num_leaves=8
num_cat=0
split_feature=35 28 11 43 43 33 15
split_gain=0.334415 0.652658 1.25684 0.590347 0.372265 0.317407 0.251717
threshold=0.50550000000000017 0.2114 1.2950000000000002 891.50000000000011 7191.0000000000009 10.850584004447215 0.039500000000000007
decision_type=2 8 8 2 2 10 8
left_child=3 2 -2 -1 5 -3 -4
right_child=1 4 6 -5 -6 -7 -8
leaf_value=0 0.0038743844710680125 -0.0006894583332054141 -0.0017170213537058396 -0.0035612794397678654 -0.0022266548518481465 0.0018942998899488391 0.00074841010644091871
leaf_weight=61 63 54 35 32 43 36 35
leaf_count=61 63 54 35 32 43 36 35
internal_value=0 0.000412499 0.0015808 -0.0011265 -0.000487269 0 0
internal_weight=359 266 133 93 133 90 70
internal_count=359 266 133 93 133 90 70
is_linear=0
shrinkage=0.0221009


Tree=91
num_leaves=9
num_cat=0
split_feature=31 31 38 25 15 54 50 34
split_gain=0.330861 0.659318 0.331084 0.316827 0.501159 0.419004 0.253487 0.196781
threshold=0.40800000000000008 0.44600000000000006 0.90400900000000017 58.500000000000007 -0.25399999999999995 0.40700000000000008 0.65000000000000002 10.727908754913253
decision_type=8 8 10 10 10 10 10 10
left_child=2 -2 -1 4 7 -5 -4 -3
right_child=1 3 6 5 -6 -7 -8 -9
leaf_value=0 0.0030825047895251165 0.00048951277691220319 0 -0.0025076048560690859 0.00286465193970713 0 -0.0032784399957270743 -0.0015356847107782698
leaf_weight=32 39 66 34 49 36 32 37 34
leaf_count=32 39 66 34 49 36 32 37 34
internal_value=0 0.000437306 -0.00104553 0 0.000612335 -0.00113139 -0.00196513 0
internal_weight=359 256 103 217 136 81 71 100
internal_count=359 256 103 217 136 81 71 100
is_linear=0
shrinkage=0.0221009


Tree=92
num_leaves=9
num_cat=0
split_feature=50 41 34 9 0 32 22 12
split_gain=0.324193 0.561105 0.52207 0.809761 0.437695 0.224122 0.171943 0.0456879
threshold=0.65000000000000002 54.165000000000006 10.031963024570571 0.52150000000000019 15.750000000000002 13.006262998305145 0.17255000000000001 36.262000000000008
decision_type=8 10 10 10 2 2 10 8
left_child=1 6 3 7 -4 -6 -1 -2
right_child=2 -3 4 -5 5 -7 -8 -9
leaf_value=0.00097319634249071001 7.1816942086503526e-05 0.0034732072397642452 0.0021868058120935699 -0.004559840388064936 0.00024992886147554851 -0.0015420808575286298 -0.0010918432024759816 -0.00073436015206861235
leaf_weight=42 35 32 45 33 46 48 37 41
leaf_count=42 35 32 45 33 46 48 37 41
internal_value=0 0.00100655 -0.000429922 -0.00163518 0.000258363 -0.00028536 0 0
internal_weight=359 111 248 109 139 94 79 76
internal_count=359 111 248 109 139 94 79 76
is_linear=0
shrinkage=0.0221009


Tree=93
num_leaves=8
num_cat=0
split_feature=3 23 50 33 34 43 28
split_gain=0.320166 0.253029 0.583184 0.276568 0.198938 0.133485 0.248297
threshold=1.0000000180025095e-35 5.4700000000000006 0.85000000000000009 11.252258936969115 8.8891021364737259 855.00000000000011 0.14145000000000002
decision_type=2 8 10 10 10 2 8
left_child=-1 2 4 5 -2 -3 -7
right_child=1 3 -4 -5 -6 6 -8
leaf_value=0.0019049575251251956 -0.00081382109952370368 0.00023587157026449867 -0.0029563452412452191 0.0016086418022923591 0.0014414426864738808 0 -0.0019918665556887013
leaf_weight=39 43 62 48 52 33 35 47
leaf_count=39 43 62 48 52 33 35 47
internal_value=0 -0.000214259 -0.00104347 0.000128134 0 -0.000158683 -0.000892648
internal_weight=359 320 124 196 76 144 82
internal_count=359 320 124 196 76 144 82
is_linear=0
shrinkage=0.0221009


Tree=94
num_leaves=9
num_cat=0
split_feature=39 11 29 4 4 54 54 33
split_gain=0.316746 0.795897 0.444173 0.289258 0.453451 0.437263 0.396854 0.0834892
threshold=95.695000000000007 -1.0000000180025095e-35 0.85250000000000015 0.26850000000000007 1.0000000180025095e-35 0.62940000000000007 0.72810000000000008 10.382183980080969
decision_type=2 8 10 2 2 10 8 8
left_child=2 -2 3 4 -1 -5 -6 -3
right_child=1 7 -4 5 6 -7 -8 -9
leaf_value=0.0008202185789104795 0.0038986708544526422 -0.0010560118435960948 -0.0026760719547740197 0.0028664854351056431 -0.0031117134322214851 0 0 0.00035489364775053659
leaf_weight=44 33 32 36 37 45 34 58 40
leaf_count=44 33 32 36 37 45 34 58 40
internal_value=0 0.00103961 -0.000402624 0 -0.000585861 0.00113061 -0.0015335 0
internal_weight=359 105 254 218 147 71 103 72
internal_count=359 105 254 218 147 71 103 72
is_linear=0
shrinkage=0.0221009


Tree=95
num_leaves=8
num_cat=0
split_feature=36 25 22 41 14 6 32
split_gain=0.314262 0.662008 0.450304 0.19762 0.464292 0.276359 0.0906252
threshold=1.8650000000000002 57.500000000000007 0.19500000000000003 33.95000000000001 -1.0000000180025095e-35 1.0610000000000002 11.082979690137387
decision_type=10 8 10 10 10 10 2
left_child=1 -1 -2 5 -5 6 -3
right_child=2 3 -4 4 -6 -7 -8
leaf_value=0.002962936917133879 0 0.00016386094263131498 -0.0030552180474869364 0.00033435137981374283 -0.002340513210997599 0.0016111710177373383 -0.00094773508586175976
leaf_weight=41 42 44 36 33 54 61 48
leaf_count=41 42 44 36 33 54 61 48
internal_value=0 0.000362767 -0.00122185 0 -0.000915617 0.000392288 -2.79406e-05
internal_weight=359 281 78 240 87 153 92
internal_count=359 281 78 240 87 153 92
is_linear=0
shrinkage=0.0221009


Tree=96
num_leaves=8
num_cat=0
split_feature=35 6 21 8 35 22 0
split_gain=0.317706 0.54489 0.532813 0.867023 0.524534 0.357091 0.602759
threshold=0.50550000000000017 1.0445000000000002 1.2412500000000002 0.9920000000000001 0.58650000000000013 0.23625000000000004 10.050000000000002
decision_type=2 10 8 2 2 10 2
left_child=1 -1 3 -2 5 6 -4
right_child=2 -3 4 -5 -6 -7 -8
leaf_value=0 0 -0.0028917817228065416 0.0032356323752837555 0.0036317702618208509 -0.0026639037899914625 -0.0013619229949471965 0
leaf_weight=48 35 45 40 55 35 32 69
leaf_count=48 35 45 40 55 35 32 69
internal_value=0 -0.00108997 0.00040963 0.00183301 -0.000115475 0.000264345 0.00106996
internal_weight=359 93 266 90 176 141 109
internal_count=359 93 266 90 176 141 109
is_linear=0
shrinkage=0.0221009


Tree=97
num_leaves=9
num_cat=0
split_feature=31 31 22 25 48 5 54 34
split_gain=0.319908 0.608566 0.336989 0.283468 0.519536 0.477126 0.266991 0.175878
threshold=0.40800000000000008 0.44600000000000006 0.43150000000000005 58.500000000000007 0.45000000000000007 0.18226750000000003 0.92775000000000019 10.718378274106309
decision_type=8 8 8 10 10 10 10 10
left_child=2 -2 6 4 7 -5 -1 -3
right_child=1 3 -4 5 -6 -7 -8 -9
leaf_value=-0.0034391807420218168 0.0029760729019659192 0.00038872790179207369 0 9.8976351606239399e-05 0.0027804950161485972 -0.0025931612782203674 0 -0.0014777539356316282
leaf_weight=34 39 62 37 33 39 48 32 35
leaf_count=34 39 62 37 33 39 48 32 35
internal_value=0 0.000435571 -0.00102224 0 0.000594629 -0.00105588 -0.00203043 0
internal_weight=359 256 103 217 136 81 66 97
internal_count=359 256 103 217 136 81 66 97
is_linear=0
shrinkage=0.0221009


Tree=98
num_leaves=8
num_cat=0
split_feature=43 25 12 10 11 28 32
split_gain=0.317571 0.670381 0.513195 0.640524 0.423395 0.337991 0.171636
threshold=7191.0000000000009 57.500000000000007 67.919500000000014 0.46550000000000008 1.2950000000000002 0.31075000000000003 11.852741351126737
decision_type=2 8 8 2 10 8 2
left_child=1 -1 4 -4 6 -2 -3
right_child=5 2 3 -5 -6 -7 -8
leaf_value=0.0030407921946923617 0 -0.00068770588990898335 0 0.0033070723010800987 -0.0023331828033306265 -0.0028198444661464497 0.0012232938953116097
leaf_weight=39 33 60 54 41 59 36 37
leaf_count=39 33 60 54 41 59 36 37
internal_value=0 0.0003403 0 0.0011964 -0.000857061 -0.00132669 0
internal_weight=359 290 251 95 156 69 97
internal_count=359 290 251 95 156 69 97
is_linear=0
shrinkage=0.0221009


Tree=99
num_leaves=9
num_cat=0
split_feature=39 36 31 24 4 38 5 9
split_gain=0.308819 0.527279 0.466823 0.330238 0.250538 0.260147 0.370126 0.327141
threshold=95.695000000000007 8.7300000000000022 0.41850000000000004 0.053300000000000007 0.26850000000000007 2.9856005000000008 0.15632200000000004 0.54600000000000015
decision_type=2 8 8 10 2 10 8 10
left_child=2 -2 3 -1 5 6 -4 -7
right_child=1 -3 4 -5 -6 7 -8 -9
leaf_value=0 0.0028910770477880497 0 -0.00065212849609626224 -0.0032346889543986902 0.0015966085738281699 0 0.0021692833940903425 -0.0029465004596011292
leaf_weight=33 44 61 33 41 45 32 37 33
leaf_count=33 44 61 33 41 45 32 37 33
internal_value=0 0.0010261 -0.000397993 -0.00190306 2.25496e-05 -0.00023781 0.000329318 -0.00139791
internal_weight=359 105 254 74 180 135 70 65
internal_count=359 105 254 74 180 135 70 65
is_linear=0
shrinkage=0.0221009


Tree=100
num_leaves=8
num_cat=0
split_feature=36 25 22 41 14 6 32
split_gain=0.303961 0.599947 0.430062 0.178289 0.43689 0.26212 0.0845073
threshold=1.8650000000000002 57.500000000000007 0.19500000000000003 33.95000000000001 -1.0000000180025095e-35 1.0610000000000002 11.082979690137387
decision_type=10 8 10 10 10 10 2
left_child=1 -1 -2 5 -5 6 -3
right_child=2 3 -4 4 -6 -7 -8
leaf_value=0.0028293597494638278 0 0.00015549098901506886 -0.0029934183574197681 0.00033438990239105667 -0.0022525653639397089 0.0015705021284761018 -0.00091508813035610405
leaf_weight=41 42 44 36 33 54 61 48
leaf_count=41 42 44 36 33 54 61 48
internal_value=0 0.000355611 -0.00120289 0 -0.000860996 0.000383906 -1.49048e-05
internal_weight=359 281 78 240 87 153 92
internal_count=359 281 78 240 87 153 92
is_linear=0
shrinkage=0.0221009


Tree=101
num_leaves=8
num_cat=0
split_feature=43 34 50 12 12 43 33
split_gain=0.300418 0.671717 1.25984 0.401228 0.398479 0.319339 0.21082
threshold=7191.0000000000009 8.8273488614884084 0.65000000000000002 38.016000000000012 18.481000000000005 11950.500000000002 2.8682893745356424
decision_type=2 10 8 10 8 2 10
left_child=1 6 -3 4 -4 -2 -1
right_child=5 2 3 -5 -6 -7 -8
leaf_value=0 -0.0028630585448339396 0.0041543324160714153 0 0.0015787456181158462 -0.0028121028172153235 0 -0.0017977878639281503
leaf_weight=35 33 51 56 55 32 36 61
leaf_count=35 33 51 56 55 32 36 61
internal_value=0 0.000331315 0.00116996 0 -0.000817077 -0.00129001 -0.000991017
internal_weight=359 290 194 143 88 69 96
internal_count=359 290 194 143 88 69 96
is_linear=0
shrinkage=0.0221009


Tree=102
num_leaves=9
num_cat=0
split_feature=33 33 34 10 45 9 43 24
split_gain=0.290869 0.627307 0.461072 0.801912 0.440178 0.315706 0.298377 0.0564023
threshold=8.6962940068836669 6.648547367354694 10.031963024570571 0.39250000000000007 1.0000000180025095e-35 0.80600000000000016 6920.5000000000009 1.8446000000000002
decision_type=8 10 10 2 8 8 2 8
left_child=1 7 3 -2 6 -6 -4 -1
right_child=2 -3 4 -5 5 -7 -8 -9
leaf_value=-0.00082331302843675707 0 0.0026509909087443942 0.0028358456022996512 -0.0037913458521508592 0 -0.0024801619606895538 0 0
leaf_weight=41 46 57 39 46 32 33 33 32
leaf_count=41 46 57 39 46 32 33 33 32
internal_value=0 0.000853667 -0.000454452 -0.00171328 0.000130356 -0.000868523 0.00152825 -6.11512e-05
internal_weight=359 130 229 92 137 65 72 73
internal_count=359 130 229 92 137 65 72 73
is_linear=0
shrinkage=0.0221009


Tree=103
num_leaves=9
num_cat=0
split_feature=39 11 31 33 4 4 6 33
split_gain=0.299509 0.759551 0.44696 0.25596 0.239184 0.254284 0.266276 0.0746971
threshold=95.695000000000007 -1.0000000180025095e-35 0.41850000000000004 8.6962940068836669 0.26850000000000007 1.0000000180025095e-35 1.2105000000000004 10.382183980080969
decision_type=2 8 8 10 2 2 8 8
left_child=2 -2 3 -1 5 -4 -7 -3
right_child=1 7 4 -5 -6 6 -8 -9
leaf_value=0 0.0038064997655379153 -0.0010050298141049227 0.00063319742424055366 -0.0030497201577885978 0.0015601635361425649 0 -0.0024273504710290187 0.0003206174521081358
leaf_weight=33 33 32 49 41 45 45 41 40
leaf_count=33 33 32 49 41 45 45 41 40
internal_value=0 0.0010131 -0.000389185 -0.00186206 1.8115e-05 -0.000231565 -0.00113978 0
internal_weight=359 105 254 74 180 135 86 72
internal_count=359 105 254 74 180 135 86 72
is_linear=0
shrinkage=0.0221009


Tree=104
num_leaves=8
num_cat=0
split_feature=35 43 21 36 35 22 0
split_gain=0.286014 0.50888 0.50852 0.819863 0.490337 0.320285 0.583921
threshold=0.50550000000000017 891.50000000000011 1.2412500000000002 2.1300000000000003 0.58650000000000013 0.23625000000000004 15.750000000000002
decision_type=2 2 8 8 2 10 2
left_child=1 -1 3 -2 5 6 -4
right_child=2 -3 4 -5 -6 -7 -8
leaf_value=0 0.0040421073912556811 -0.0032937077506434054 0.0028758659345712832 0 -0.0025832315797575307 -0.0012789398676148615 0
leaf_weight=61 42 32 48 48 35 32 61
leaf_count=61 42 32 48 48 35 32 61
internal_value=0 -0.00103196 0.000390715 0.00178377 -0.000118878 0.000240052 0.00101415
internal_weight=359 93 266 90 176 141 109
internal_count=359 93 266 90 176 141 109
is_linear=0
shrinkage=0.0221009


Tree=105
num_leaves=9
num_cat=0
split_feature=3 31 54 0 43 2 39 36
split_gain=0.280592 0.313974 0.324385 0.256543 0.389537 0.49613 0.118258 0.129016
threshold=1.0000000180025095e-35 0.41850000000000004 0.92775000000000019 26.050000000000001 7191.0000000000009 1.0950000000000002 41.660000000000004 11.885000000000002
decision_type=2 8 10 2 2 10 2 8
left_child=-1 2 -2 4 5 -3 -5 -8
right_child=1 3 -4 6 -6 -7 7 -9
leaf_value=0.0017857118146690993 -0.0024829864962371737 0 0 0 -4.817977434368259e-06 0.0039359143280617336 -0.0019933726575246538 0
leaf_weight=39 52 35 47 46 38 35 35 32
leaf_count=39 52 35 47 46 38 35 35 32
internal_value=0 -0.000197996 -0.0012806 0.000125426 0.00101042 0.00207151 -0.000404273 -0.00106635
internal_weight=359 320 99 221 108 70 113 67
internal_count=359 320 99 221 108 70 113 67
is_linear=0
shrinkage=0.0221009


end of trees

feature_importances:
volume_1h_log=67
price_change_5m=38
kol_saturation=34
consensus_val=31
price_action_val=31
ultra_short_heat=30
win_rate_7d=30
liquidity_usd_log=29
sentiment=28
volume_mcap_ratio=27
buys_24h=26
top10_holder_pct=25
helius_top20_pct=21
volatility_proxy=19
conviction_val=19
price_change_1h=18
buy_sell_ratio_24h=17
market_heat_24h=16
volume_24h_log=16
ath_ratio=16
market_cap_log=13
short_term_heat=12
onchain_multiplier=12
token_age_hours=11
price_change_6h=11
buy_sell_ratio_5m=11
volume_velocity=11
price_drift_from_first_seen=11
liq_mcap_ratio=10
relative_volume=10
mentions=9
entry_vs_median_peak=9
mention_velocity=8
gate_mult=8
new_kol_ratio=7
price_velocity=7
momentum_direction=7
price_change_24h=6
helius_onchain_bsr=6
mention_heat_ratio=5
breadth_val=5
risk_score=4
pvp_same_name_count=3
entry_timing_quality=3
median_peak_return=2
call_type_score=2
safety_penalty=1
sentiment_consistency=1
entry_drift_mult=1

parameters:
[boosting: gbdt]
[objective: regression]
[metric: l2]
[tree_learner: serial]
[device_type: cpu]
[data_sample_strategy: bagging]
[data: ]
[valid: ]
[num_iterations: 106]
[learning_rate: 0.0221009]
[num_leaves: 46]
[num_threads: 2]
[seed: 0]
[deterministic: 0]
[force_col_wise: 0]
[force_row_wise: 0]
[histogram_pool_size: -1]
[max_depth: 5]
[min_data_in_leaf: 32]
[min_sum_hessian_in_leaf: 0.001]
[bagging_fraction: 0.958662]
[pos_bagging_fraction: 1]
[neg_bagging_fraction: 1]
[bagging_freq: 0]
[bagging_seed: 3]
[bagging_by_query: 0]
[feature_fraction: 0.691368]
[feature_fraction_bynode: 1]
[feature_fraction_seed: 2]
[extra_trees: 0]
[extra_seed: 6]
[early_stopping_round: 0]
[early_stopping_min_delta: 0]
[first_metric_only: 0]
[max_delta_step: 0]
[lambda_l1: 1.61739]
[lambda_l2: 0.0460525]
[linear_lambda: 0]
[min_gain_to_split: 0]
[drop_rate: 0.1]
[max_drop: 50]
[skip_drop: 0.5]
[xgboost_dart_mode: 0]
[uniform_drop: 0]
[drop_seed: 4]
[top_rate: 0.2]
[other_rate: 0.1]
[min_data_per_group: 100]
[max_cat_threshold: 32]
[cat_l2: 10]
[cat_smooth: 10]
[max_cat_to_onehot: 4]
[top_k: 20]
[monotone_constraints: ]
[monotone_constraints_method: basic]
[monotone_penalty: 0]
[feature_contri: ]
[forcedsplits_filename: ]
[refit_decay_rate: 0.9]
[cegb_tradeoff: 1]
[cegb_penalty_split: 0]
[cegb_penalty_feature_lazy: ]
[cegb_penalty_feature_coupled: ]
[path_smooth: 0]
[interaction_constraints: ]
[verbosity: -1]
[saved_feature_importance_type: 0]
[use_quantized_grad: 0]
[num_grad_quant_bins: 4]
[quant_train_renew_leaf: 0]
[stochastic_rounding: 1]
[linear_tree: 0]
[max_bin: 255]
[max_bin_by_feature: ]
[min_data_in_bin: 3]
[bin_construct_sample_cnt: 200000]
[data_random_seed: 1]
[is_enable_sparse: 1]
[enable_bundle: 1]
[use_missing: 1]
[zero_as_missing: 0]
[feature_pre_filter: 1]
[pre_partition: 0]
[two_round: 0]
[header: 0]
[label_column: ]
[weight_column: ]
[group_column: ]
[ignore_column: ]
[categorical_feature: ]
[forcedbins_filename: ]
[precise_float_parser: 0]
[parser_config_file: ]
[objective_seed: 5]
[num_class: 1]
[is_unbalance: 0]
[scale_pos_weight: 1]
[sigmoid: 1]
[boost_from_average: 1]
[reg_sqrt: 0]
[alpha: 0.9]
[fair_c: 1]
[poisson_max_delta_step: 0.7]
[tweedie_variance_power: 1.5]
[lambdarank_truncation_level: 30]
[lambdarank_norm: 1]
[label_gain: ]
[lambdarank_position_bias_regularization: 0]
[eval_at: ]
[multi_error_top_k: 1]
[auc_mu_weights: ]
[num_machines: 1]
[local_listen_port: 12400]
[time_out: 120]
[machine_list_filename: ]
[machines: ]
[gpu_platform_id: -1]
[gpu_device_id: -1]
[gpu_use_dp: 0]
[num_gpu: 1]

end of parameters

pandas_categorical:[]
