tree
version=v4
num_class=1
num_tree_per_iteration=1
label_index=0
max_feature_idx=83
objective=regression
feature_names=price_change_6h volume_mcap_ratio consensus_val volume_ema3 entry_vs_median_peak top10_holder_pct buy_sell_ratio_1h sells_24h buy_sell_ratio_24h liq_mcap_ratio market_cap_log jup_price_impact_1k txn_count_24h price_change_1h token_age_hours volatility_proxy price_change_24h sentiment_consistency short_term_heat relative_volume avg_tx_size_usd market_heat_24h jup_price_impact_5k price_change_5m whale_dominance ultra_short_heat ath_ratio whale_total_pct buys_24h breadth_val volume_acceleration_v2 price_velocity lifecycle_phase_num best_kol_win_rate score_ema3 median_peak_return jup_price_impact_500 price_acceleration volume_velocity day_of_week txn_velocity hour_paris helius_top5_pct recency_score sentiment_amplification pair_count kol_reputation_avg helius_gini helius_top20_pct mention_acceleration_v2 mention_ema3 buy_sell_ratio_5m onchain_multiplier lifecycle_velocity mention_velocity liquidity_depth_score pvp_same_name_count entry_timing_quality score_velocity volume_delta lp_locked_pct already_pumped_penalty call_type_score avg_conviction risk_count is_pump_fun jup_tradeable msg_conviction_avg mentions conviction_val wash_trading_score phase_duration_cycles whale_count_delta risk_score first_call_age_minutes mentions_delta price_drift_from_first_seen bundle_count sentiment breadth volume_acceleration insider_pct has_mint_authority has_freeze_authority
feature_infos=[-100:9999.9999000000007] [0:1201243.3647370001] [0.00029999999999999997:1] [0:17.719000000000001] [0:5] [0:3923.29] [0:1] [0:55156] [0:1] [0:2.3381370000000001] [1.8825138324965192:30.424249281857922] [0:98.178100000000001] [1:186086] [-98.760000000000005:9999.9999000000007] [0:31819] [0:999.99900000000002] [-100:9999.9999000000007] [0.51200000000000001:1] [0:6] [0:9999.9999000000007] [0:14339.690000000001] [-11.029999999999999:11.9] [0:99.635567994002997] [-93.640000000000001:4321] [0:25.236499999999999] [0:12] [0.0016999999999999999:1] [4.9800000000000004:100.01000000000001] [0:143130] [0:1] [-56.719999999999999:49.060000000000002] [-46.177999999999997:26.452999999999999] [0:5] [0.029000000000000001:0.66700000000000004] [1:93.564999999999998] [1.0426:1.3706] [0:96.355857901049475] [-46.177999999999997:49.015999999999998] [-56.445:49.060000000000002] [0:6] [0:99.998999999999995] [0:23] [7.7000000000000002:100] [0.0030000000000000001:0.99099999999999999] [0:99.999899999999997] [1:30] [0.033000000000000002:0.76600000000000001] [0:0.99950000000000006] [10.69:100] [-8.9299999999999997:7.0750000000000002] [0.20000000000000001:27.324000000000002] [0:1] [0.58799999999999997:1.3] [-4:5] [-6.0369999999999999:7.702] [0.0023999999999999998:1] [1:29] [0.23300000000000001:0.86699999999999999] [-234.553:206.33699999999999] [-98835800:19236600] [0:100] [0.14999999999999999:1.1499999999999999] [-1:1] [7:10] [0:24] [0:1] [0:1] [0.5:2.1000000000000001] [0:29] [0.25:1] [0:1] [1:173] [-33:27] [-1812599:10000] [4.2999999999999998:9893.7999999999993] [-3:10] [0:2733333.3330000001] [0:36] [-0.38700000000000001:0.86699999999999999] [0.01:0.27300000000000002] [0:4] none none none
tree_sizes=641 676 669 668 673 673 673 759 672 653 674 668 663 672 678 762 669 757 675 652 763 659 659 764 751 658 658 658 757 752 758 658 658 738 753 759 749 840 749 732 763 751 762 782 752 841 679 726 817 749 758 736 769 817 761 749 763 730 833 591 592 740 680 771 573 760 851 676 598 676 592 843

Tree=0
num_leaves=6
num_cat=0
split_feature=0 5 8 13 18
split_gain=31.0825 14.7789 14.2247 10.9043 7.44536
threshold=30.655000000000005 105.91000000000001 0.98050000000000004 663.50000000000011 3.3560000000000003
decision_type=10 8 2 8 8
left_child=2 3 4 -2 -1
right_child=1 -3 -4 -5 -6
leaf_value=0.26650923460063575 0.26896096148574605 0.26238134187968964 0.27159141981521301 0.27529033001607495 0.26396222068758474
leaf_weight=339 435 44 52 59 580
leaf_count=339 435 44 52 59 580
internal_value=0.266635 0.269117 0.26526 0.269806 0.264854
internal_weight=1509 538 971 494 919
internal_count=1509 538 971 494 919
is_linear=0
shrinkage=1


Tree=1
num_leaves=6
num_cat=0
split_feature=16 5 65 7 18
split_gain=26.1095 14.2552 12.6157 12.32 5.53104
threshold=31.010000000000002 106.99500000000002 1.0000000180025095e-35 1.0000000180025095e-35 3.3560000000000003
decision_type=10 8 2 2 8
left_child=3 2 -2 -1 -5
right_child=1 -3 -4 4 -6
leaf_value=0.0047430828295600535 -0.0027845817781247941 -0.0042769185548955516 0.0034259016139779695 -0.00017636979735961774 -0.0025097144582768272
leaf_weight=48 53 48 493 300 567
leaf_count=48 53 48 493 300 567
internal_value=0 0.00210143 0.00274261 -0.00136421 -0.00175299
internal_weight=1509 594 546 915 867
internal_count=1509 594 546 915 867
is_linear=0
shrinkage=0.0128719


Tree=2
num_leaves=6
num_cat=0
split_feature=0 8 3 10 18
split_gain=29.5813 13.5682 8.48387 10.8747 7.03892
threshold=30.655000000000005 0.98050000000000004 8.8605000000000018 10.671820601148619 3.3560000000000003
decision_type=10 2 8 8 8
left_child=1 4 -2 -4 -1
right_child=2 -3 3 -5 -6
leaf_value=-0.000126013347763405 -0.0032226890120025439 0.0048361950751726534 0.0060868867602012029 0.0015621983886706299 -0.0026070361303911493
leaf_weight=339 34 52 138 366 580
leaf_count=339 34 52 138 366 580
internal_value=0 -0.00134224 0.00242042 0.00288825 -0.00173963
internal_weight=1509 971 538 504 919
internal_count=1509 971 538 504 919
is_linear=0
shrinkage=0.0128719


Tree=3
num_leaves=6
num_cat=0
split_feature=0 5 8 13 18
split_gain=28.8246 14.0668 13.2328 10.6232 6.84715
threshold=30.655000000000005 105.91000000000001 0.98050000000000004 663.50000000000011 3.3560000000000003
decision_type=10 8 2 8 8
left_child=2 3 4 -2 -1
right_child=1 -3 -4 -5 -6
leaf_value=-0.00012439128736196212 0.0022283385413532702 -0.004176099672155026 0.0047739449126125051 0.0084718990389692789 -0.0025734786505813186
leaf_weight=339 435 44 52 59 580
leaf_count=339 435 44 52 59 580
internal_value=0 0.00238926 -0.00132496 0.00306294 -0.00171785
internal_weight=1509 538 971 494 919
internal_count=1509 538 971 494 919
is_linear=0
shrinkage=0.0128719


Tree=4
num_leaves=6
num_cat=0
split_feature=0 5 8 9 18
split_gain=28.0874 13.7277 12.9059 9.72708 6.66044
threshold=30.655000000000005 105.91000000000001 0.98050000000000004 0.00015800000000000002 3.3560000000000003
decision_type=10 8 2 8 8
left_child=2 3 4 -2 -1
right_child=1 -3 -4 -5 -6
leaf_value=-0.00012279012862224215 0.0065322257790829735 -0.004122346020716307 0.0047124952799606368 0.0018812830547387503 -0.0025403531387095503
leaf_weight=339 112 44 52 382 580
leaf_count=339 112 44 52 382 580
internal_value=0 0.00235851 -0.00130791 0.00302466 -0.00169636
internal_weight=1509 538 971 494 919
internal_count=1509 538 971 494 919
is_linear=0
shrinkage=0.0128719


Tree=5
num_leaves=6
num_cat=0
split_feature=0 5 8 13 23
split_gain=27.3796 15.8011 11.9616 11.5138 7.70278
threshold=52.215000000000011 105.91000000000001 0.98050000000000004 663.50000000000011 -45.819999999999993
decision_type=10 8 2 8 10
left_child=2 3 4 -2 -1
right_child=1 -3 -4 -5 -6
leaf_value=-0.0026180408906780754 0.0023556019676112391 -0.0049176610593007833 0.0046518376177113541 0.0089733778226520067 -0.00023067373279628506
leaf_weight=513 372 38 52 58 476
leaf_count=513 372 38 52 58 476
internal_value=0 0.00258519 -0.00116326 0.00335038 -0.00151343
internal_weight=1509 468 1041 430 989
internal_count=1509 468 1041 430 989
is_linear=0
shrinkage=0.0128719


Tree=6
num_leaves=6
num_cat=0
split_feature=0 5 7 13 15
split_gain=26.7055 13.0711 12.1139 10.0062 5.99138
threshold=30.655000000000005 105.91000000000001 1.0000000180025095e-35 573.00000000000011 1.2360000000000004
decision_type=10 8 2 8 10
left_child=2 3 -1 -2 -4
right_child=1 -3 4 -5 -6
leaf_value=0.0046098054082050052 0.0020893368636444262 -0.0040142118253424144 -0.0031868851458063314 0.0078736123518592868 -0.00082304651832866701
leaf_weight=51 428 44 303 66 617
leaf_count=51 428 44 303 66 617
internal_value=0 0.00229976 -0.00127533 0.00295105 -0.00164931
internal_weight=1509 538 971 494 920
internal_count=1509 538 971 494 920
is_linear=0
shrinkage=0.0128719


Tree=7
num_leaves=7
num_cat=0
split_feature=0 5 13 1 28 18
split_gain=26.0381 15.0958 10.9296 8.72311 17.0353 2.66807
threshold=52.215000000000011 105.91000000000001 663.50000000000011 0.16350500000000004 4.5000000000000009 2.8570000000000007
decision_type=10 8 8 10 2 8
left_child=3 2 -2 5 -5 -1
right_child=1 -3 -4 4 -6 -7
leaf_value=-0.00026793652442706984 0.0022969862668447789 -0.0048026923446445394 0.0087565269976239736 0.008598321656857295 -0.00072260884923957224 -0.0033796042445188583
leaf_weight=93 372 38 58 34 634 280
leaf_count=93 372 38 58 34 634 280
internal_value=0 0.00252106 0.00327042 -0.00113441 -0.000182434 -0.00272153
internal_weight=1509 468 430 1041 668 373
internal_count=1509 468 430 1041 668 373
is_linear=0
shrinkage=0.0128719


Tree=8
num_leaves=6
num_cat=0
split_feature=0 8 3 9 18
split_gain=25.4202 11.7983 8.12009 11.5196 6.32882
threshold=30.655000000000005 0.98050000000000004 8.8605000000000018 0.065689500000000012 3.3560000000000003
decision_type=10 2 8 8 8
left_child=1 4 -2 -4 -1
right_child=2 -3 3 -5 -6
leaf_value=-8.2279132756624761e-05 -0.0032910956182423947 0.0045026155104586039 0.0062258913543311841 0.0014389845688199112 -0.0024392845285465901
leaf_weight=339 34 52 124 380 580
leaf_count=339 34 52 124 380 580
internal_value=0 -0.00124463 0.00224336 0.00270387 -0.00161763
internal_weight=1509 971 538 504 919
internal_count=1509 971 538 504 919
is_linear=0
shrinkage=0.0128719


Tree=9
num_leaves=6
num_cat=0
split_feature=1 12 4 37 46
split_gain=21.6254 27.9958 17.8347 2.9859 1.27661
threshold=0.12655500000000003 5.5000000000000009 1.6370000000000002 1.3100000000000003 0.38150000000000006
decision_type=10 2 2 10 2
left_child=3 -2 -3 4 -1
right_child=1 2 -4 -5 -6
leaf_value=-0.0010507054434765418 0.012097656629831916 -0.0007507521664645645 0.0026023098590311805 0 -0.0038148119043715468
leaf_weight=88 36 689 415 53 228
leaf_count=88 36 689 415 53 228
internal_value=0 0.000875625 0.0004699 -0.00270949 -0.00318405
internal_weight=1509 1140 1104 369 316
internal_count=1509 1140 1104 369 316
is_linear=0
shrinkage=0.0128719


Tree=10
num_leaves=6
num_cat=0
split_feature=0 5 8 30 18
split_gain=24.2657 12.3524 11.2285 7.37137 6.12539
threshold=30.655000000000005 105.91000000000001 0.98050000000000004 0.015500000000000002 3.3560000000000003
decision_type=10 8 2 8 8
left_child=2 3 4 -2 -1
right_child=1 -3 -4 -5 -6
leaf_value=-6.9010557367786641e-05 -0.00071497587217706317 -0.0039411463642758061 0.0043846177261323135 0.0034559164082936362 -0.0023891236728146494
leaf_weight=339 64 44 52 430 580
leaf_count=339 64 44 52 430 580
internal_value=0 0.00219151 -0.00121636 0.00282665 -0.00158108
internal_weight=1509 538 971 494 919
internal_count=1509 538 971 494 919
is_linear=0
shrinkage=0.0128719


Tree=11
num_leaves=6
num_cat=0
split_feature=0 5 13 8 48
split_gain=23.6322 14.3186 10.588 10.4063 7.0989
threshold=52.215000000000011 105.91000000000001 663.50000000000011 0.98050000000000004 58.595000000000006
decision_type=10 8 8 2 8
left_child=3 2 -2 4 -1
right_child=1 -3 -4 -5 -6
leaf_value=0.0014878391508305847 0.0021734371799852067 -0.0047282415518737457 0.0085260927120987609 0.0043281793690395209 -0.0018162495595865692
leaf_weight=108 372 38 58 52 881
leaf_count=108 372 38 58 52 881
internal_value=0 0.00240034 0.00313246 -0.00108215 -0.00141103
internal_weight=1509 468 430 1041 989
internal_count=1509 468 430 1041 989
is_linear=0
shrinkage=0.0128719


Tree=12
num_leaves=6
num_cat=0
split_feature=0 5 8 13 11
split_gain=23.0607 11.75 10.6845 9.11648 5.81815
threshold=30.655000000000005 105.91000000000001 0.98050000000000004 573.00000000000011 0.12266950000000001
decision_type=10 8 2 8 8
left_child=2 3 4 -2 -1
right_child=1 -3 -4 -5 -6
leaf_value=-0.005592843614701911 0.0019294057467574047 -0.003834667417377694 0.0042724685888345651 0.0074595188359247088 -0.0012032413692379634
leaf_weight=61 428 44 52 66 858
leaf_count=61 428 44 52 66 858
internal_value=0 0.00213641 -0.00118576 0.00275716 -0.0015424
internal_weight=1509 538 971 494 919
internal_count=1509 538 971 494 919
is_linear=0
shrinkage=0.0128719


Tree=13
num_leaves=6
num_cat=0
split_feature=0 8 3 9 18
split_gain=22.4709 10.4216 7.75655 11.0277 5.96115
threshold=30.655000000000005 0.98050000000000004 8.8605000000000018 0.065689500000000012 3.3560000000000003
decision_type=10 2 8 8 8
left_child=1 4 -2 -4 -1
right_child=2 -3 3 -5 -6
leaf_value=-3.1779299964111684e-05 -0.0033054778056273116 0.0042174742131367068 0.0060032522926238702 0.0013225722140301993 -0.0023191265210106477
leaf_weight=339 34 52 124 380 580
leaf_count=339 34 52 124 380 580
internal_value=0 -0.0011705 0.00210891 0.00256132 -0.00152316
internal_weight=1509 971 538 504 919
internal_count=1509 971 538 504 919
is_linear=0
shrinkage=0.0128719


Tree=14
num_leaves=6
num_cat=0
split_feature=0 5 9 8 23
split_gain=21.9151 13.6211 9.74106 9.65731 7.02044
threshold=52.215000000000011 105.91000000000001 1.0000000180025095e-35 0.98050000000000004 -45.819999999999993
decision_type=10 8 8 2 10
left_child=3 2 -2 4 -1
right_child=1 -3 -4 -5 -6
leaf_value=-0.0024111425470597346 0.006671093018518876 -0.0046335494102001948 0.0017614231521464179 0.0041631875070036973 -0.00013367857657784515
leaf_weight=513 102 38 328 52 476
leaf_count=513 102 38 328 52 476
internal_value=0 0.00231223 0.00302819 -0.00104136 -0.00135942
internal_weight=1509 468 430 1041 989
internal_count=1509 468 430 1041 989
is_linear=0
shrinkage=0.0128719


Tree=15
num_leaves=7
num_cat=0
split_feature=0 8 38 25 18 25
split_gain=21.3629 9.91829 7.56869 11.6714 5.77911 3.45151
threshold=30.655000000000005 0.98050000000000004 0.076500000000000012 0.084500000000000006 3.3560000000000003 0.46600000000000008
decision_type=10 2 8 10 8 10
left_child=1 4 5 -4 -1 -2
right_child=2 -3 3 -5 -6 -7
leaf_value=-1.6505245680103172e-05 -0.0044442494159928131 0.0041096002495846374 0.0097401727208627983 0.0019517485706189487 -0.0022694596874137897 0.00034156624933480043
leaf_weight=339 36 52 39 425 580 38
leaf_count=339 36 52 39 425 580 38
internal_value=0 -0.00114128 0.00205626 0.00270105 -0.00148618 -0.00139315
internal_weight=1509 971 538 464 919 74
internal_count=1509 971 538 464 919 74
is_linear=0
shrinkage=0.0128719


Tree=16
num_leaves=6
num_cat=0
split_feature=0 5 13 8 48
split_gain=20.8613 13.2761 9.94158 9.19115 6.81813
threshold=52.215000000000011 105.91000000000001 663.50000000000011 0.98050000000000004 58.595000000000006
decision_type=10 8 8 2 8
left_child=3 2 -2 4 -1
right_child=1 -3 -4 -5 -6
leaf_value=0.0015167902275202369 0.0020314729718197183 -0.004599147902453961 0.0081899968901384245 0.0040567024075684518 -0.0017251868676684864
leaf_weight=108 372 38 58 52 881
leaf_count=108 372 38 58 52 881
internal_value=0 0.00225633 0.00296431 -0.00101564 -0.00132675
internal_weight=1509 468 430 1041 989
internal_count=1509 468 430 1041 989
is_linear=0
shrinkage=0.0128719


Tree=17
num_leaves=7
num_cat=0
split_feature=0 7 2 7 11 23
split_gain=20.3398 9.30383 7.49503 6.32949 5.75184 4.97553
threshold=30.655000000000005 1.0000000180025095e-35 0.098650000000000002 66.000000000000014 0.12266950000000001 1.9650000000000001
decision_type=10 2 2 2 8 8
left_child=1 -1 3 -2 -3 -4
right_child=2 4 5 -5 -6 -7
leaf_value=0.0040177449257570007 -0.0038485871107689583 -0.0054585669443783591 0.0011966371405656311 0.0014916771535891538 -0.0011084543499804318 0.0064900518399122996
leaf_weight=51 38 61 79 329 859 92
leaf_count=51 38 61 79 329 859 92
internal_value=0 -0.00111249 0.00200754 0.000819053 -0.00144463 0.00430142
internal_weight=1509 971 538 367 920 171
internal_count=1509 971 538 367 920 171
is_linear=0
shrinkage=0.0128719


Tree=18
num_leaves=6
num_cat=0
split_feature=0 5 9 8 17
split_gain=19.8394 12.8865 9.38893 8.74689 6.94959
threshold=52.215000000000011 105.91000000000001 1.0000000180025095e-35 0.98050000000000004 0.78050000000000008
decision_type=10 8 8 2 2
left_child=3 2 -2 4 -1
right_child=1 -3 -4 -5 -6
leaf_value=0.0016798822278755643 0.006472983142257957 -0.0045492738615124026 0.0016552539672994803 0.0039540385145505168 -0.001685123441606106
leaf_weight=102 102 38 328 52 887
leaf_count=102 102 38 328 52 887
internal_value=0 0.00220149 0.00290021 -0.000989339 -0.00129366
internal_weight=1509 468 430 1041 989
internal_count=1509 468 430 1041 989
is_linear=0
shrinkage=0.0128719


Tree=19
num_leaves=6
num_cat=0
split_feature=0 5 8 9 18
split_gain=19.3696 10.5302 8.98663 8.15057 5.63097
threshold=30.655000000000005 105.91000000000001 0.98050000000000004 1.0000000180025095e-35 3.3560000000000003
decision_type=10 8 2 8 8
left_child=2 3 4 -2 -1
right_child=1 -3 -4 -5 -6
leaf_value=0 0.0057747608475835748 -0.0036801218223654047 0.0039031432506044131 0.0015026456795389569 -0.0021860821793247211
leaf_weight=339 111 44 52 383 580
leaf_count=339 111 44 52 383 580
internal_value=0 0.0019602 -0.00108452 0.00255149 -0.00141453
internal_weight=1509 538 971 494 919
internal_count=1509 538 971 494 919
is_linear=0
shrinkage=0.0128719


Tree=20
num_leaves=7
num_cat=0
split_feature=1 12 4 13 41 46
split_gain=19.1413 25.0729 13.6539 1.99401 3.87393 0.407832
threshold=0.12655500000000003 5.5000000000000009 1.6370000000000002 0.28500000000000009 13.500000000000002 0.37850000000000006
decision_type=10 2 2 10 2 2
left_child=3 -2 -3 5 -5 -1
right_child=1 2 -4 4 -6 -7
leaf_value=-0.001090274217413168 0.011448293538499892 -0.0006215093562073258 0.0023074381769735901 0.0023882663588357536 -0.0031885284313448764 -0.0035376121057686788
leaf_weight=74 36 689 415 36 43 216
leaf_count=74 36 689 415 36 43 216
internal_value=0 0.000825887 0.000439716 -0.00254704 -9.12423e-05 -0.00306457
internal_weight=1509 1140 1104 369 79 290
internal_count=1509 1140 1104 369 79 290
is_linear=0
shrinkage=0.0128719


Tree=21
num_leaves=6
num_cat=0
split_feature=1 12 0 37 16
split_gain=18.6688 24.4286 12.9067 2.68421 2.05271
threshold=0.12655500000000003 5.5000000000000009 85.100000000000009 1.3100000000000003 8.7600000000000033
decision_type=10 2 10 10 10
left_child=3 -2 -3 4 -1
right_child=1 2 -4 -5 -6
leaf_value=-0.0023430600728193496 0.011300934076135432 -0.00051154268795487289 0.0024034600271674849 0 -0.0067137602071121972
leaf_weight=281 36 731 373 53 35
leaf_count=281 36 731 373 53 35
internal_value=0 0.000815257 0.000433544 -0.00251578 -0.00296616
internal_weight=1509 1140 1104 369 316
internal_count=1509 1140 1104 369 316
is_linear=0
shrinkage=0.0128719


Tree=22
num_leaves=6
num_cat=0
split_feature=1 12 0 37 16
split_gain=18.2048 23.8009 12.5795 2.62206 1.98022
threshold=0.12655500000000003 5.5000000000000009 85.100000000000009 1.3100000000000003 8.7600000000000033
decision_type=10 2 10 10 10
left_child=3 -2 -3 4 -1
right_child=1 2 -4 -5 -6
leaf_value=-0.0023129004861183315 0.011155472074482409 -0.00050495821097803139 0.0023725229081392823 0 -0.0066273428596252985
leaf_weight=281 36 731 373 53 35
leaf_count=281 36 731 373 53 35
internal_value=0 0.000804763 0.000427451 -0.00248462 -0.00292977
internal_weight=1509 1140 1104 369 316
internal_count=1509 1140 1104 369 316
is_linear=0
shrinkage=0.0128719


Tree=23
num_leaves=7
num_cat=0
split_feature=1 12 4 18 46 9
split_gain=17.7525 23.1892 12.7457 1.89569 1.21346 0.684525
threshold=0.12655500000000003 5.5000000000000009 1.6370000000000002 2.5795000000000003 0.37850000000000006 0.063120000000000023
decision_type=10 2 2 8 2 8
left_child=3 -2 -3 5 -5 -1
right_child=1 2 -4 4 -6 -7
leaf_value=0.00047846054298985967 0.011011881219138956 -0.00060226471745395847 0.0022268613380276303 -0.00036056065419150625 -0.0034890242861974155 -0.0014423784875197893
leaf_weight=34 36 689 415 59 224 52
leaf_count=34 36 689 415 59 224 52
internal_value=0 0.000794404 0.000421437 -0.00245386 -0.002992 -0.000172268
internal_weight=1509 1140 1104 369 283 86
internal_count=1509 1140 1104 369 283 86
is_linear=0
shrinkage=0.0128719


Tree=24
num_leaves=7
num_cat=0
split_feature=0 8 2 7 11 23
split_gain=17.3676 7.8764 7.2238 6.09037 5.65198 4.78682
threshold=30.655000000000005 0.98050000000000004 0.098650000000000002 66.000000000000014 0.12266950000000001 1.9650000000000001
decision_type=10 2 2 2 8 8
left_child=1 4 3 -2 -1 -4
right_child=2 -3 5 -5 -6 -7
leaf_value=-0.0053040578567790106 -0.0039080745105438026 0.0036246867272414431 0.0010537236230642091 0.0013540115186693696 -0.0010061703192579844 0.0062370432439689243
leaf_weight=61 38 52 79 329 858 92
leaf_count=61 38 52 79 329 858 92
internal_value=0 -0.00102818 0.0018549 0.000689482 -0.00133924 0.00409927
internal_weight=1509 971 538 367 919 171
internal_count=1509 971 538 367 919 171
is_linear=0
shrinkage=0.0128719


Tree=25
num_leaves=6
num_cat=0
split_feature=1 12 4 37 16
split_gain=17.1642 22.4557 12.1355 2.55216 1.92329
threshold=0.12655500000000003 5.5000000000000009 1.6370000000000002 1.3100000000000003 8.7600000000000033
decision_type=10 2 2 10 10
left_child=3 -2 -3 4 -1
right_child=1 2 -4 -5 -6
leaf_value=-0.0022423186141191658 0.010836422187265011 -0.00058417053773011614 0.0021755898628665589 0 -0.0064959212752620683
leaf_weight=281 36 689 415 53 35
leaf_count=281 36 689 415 53 35
internal_value=0 0.000781134 0.000413456 -0.00241285 -0.00285245
internal_weight=1509 1140 1104 369 316
internal_count=1509 1140 1104 369 316
is_linear=0
shrinkage=0.0128719


Tree=26
num_leaves=6
num_cat=0
split_feature=1 12 4 37 46
split_gain=16.7373 21.8786 11.8279 2.49392 1.38611
threshold=0.12655500000000003 5.5000000000000009 1.6370000000000002 1.3100000000000003 0.38150000000000006
decision_type=10 2 2 10 2
left_child=3 -2 -3 4 -1
right_child=1 2 -4 -5 -6
leaf_value=-0.00071327462994630103 0.010696938576364265 -0.00057665115246032525 0.0021475859069282322 0 -0.0034370430812886146
leaf_weight=88 36 689 415 53 228
leaf_count=88 36 689 415 53 228
internal_value=0 0.00077108 0.000407622 -0.00238294 -0.00281752
internal_weight=1509 1140 1104 369 316
internal_count=1509 1140 1104 369 316
is_linear=0
shrinkage=0.0128719


Tree=27
num_leaves=6
num_cat=0
split_feature=1 12 0 37 16
split_gain=16.3212 21.3162 11.1847 2.4371 1.88072
threshold=0.12655500000000003 5.5000000000000009 85.100000000000009 1.3100000000000003 8.7600000000000033
decision_type=10 2 10 10 10
left_child=3 -2 -3 4 -1
right_child=1 2 -4 -5 -6
leaf_value=-0.0021784474471078291 0.010559249832507727 -0.00047453156901443202 0.0022371585140585656 0 -0.0063820909213696255
leaf_weight=281 36 731 373 53 35
leaf_count=281 36 731 373 53 35
internal_value=0 0.000761154 0.000401863 -0.00235342 -0.00278304
internal_weight=1509 1140 1104 369 316
internal_count=1509 1140 1104 369 316
is_linear=0
shrinkage=0.0128719


Tree=28
num_leaves=7
num_cat=0
split_feature=0 2 7 7 11 23
split_gain=15.9215 7.00934 6.95031 5.86623 5.54334 4.6387
threshold=30.655000000000005 0.098650000000000002 1.0000000180025095e-35 66.000000000000014 0.12266950000000001 1.9650000000000001
decision_type=10 2 2 2 8 8
left_child=2 3 -1 -2 -4 -3
right_child=1 5 4 -5 -6 -7
leaf_value=0.0034138872388474358 -0.003890464547687998 0.00098036072743224118 -0.0051964237316022809 0.0012825338128368848 -0.00094699778935703014 0.0060842271159938892
leaf_weight=51 38 79 61 329 859 92
leaf_count=51 38 79 61 329 859 92
internal_value=0 0.00177553 -0.000984908 0.000627229 -0.0012765 0.00398316
internal_weight=1509 538 971 367 920 171
internal_count=1509 538 971 367 920 171
is_linear=0
shrinkage=0.0128719


Tree=29
num_leaves=7
num_cat=0
split_feature=3 7 0 17 21 19
split_gain=15.87 14.4853 14.4453 9.2734 6.95423 5.25815
threshold=8.8510000000000009 1.5000000000000002 40.330000000000005 0.95100000000000007 -0.064999999999999988 0.048550000000000003
decision_type=8 2 10 2 2 2
left_child=3 -2 -3 5 -5 -1
right_child=1 2 -4 4 -6 -7
leaf_value=-0.0023480820871587347 0.0078699284151897107 -0.00076893526513368497 0.0021469016074855056 -0.002051454775974528 -0.007994834356419742 0.0032255182142934932
leaf_weight=58 45 706 458 122 67 53
leaf_count=58 45 706 458 122 67 53
internal_value=0 0.000657207 0.000340629 -0.00265031 -0.00439077 0
internal_weight=1509 1209 1164 300 189 111
internal_count=1509 1209 1164 300 189 111
is_linear=0
shrinkage=0.0128719


Tree=30
num_leaves=7
num_cat=0
split_feature=3 7 4 21 14 10
split_gain=15.4819 14.1125 11.546 8.98101 7.8309 3.97041
threshold=8.8510000000000009 1.5000000000000002 1.6370000000000002 -0.064999999999999988 24.750000000000004 10.284709767395787
decision_type=8 2 2 2 8 10
left_child=3 -2 -3 5 -5 -1
right_child=1 2 -4 4 -6 -7
leaf_value=-0.0021025103642483491 0.0077686285347959563 -0.00056059354639870641 0.0021042949550853516 -0.01083924891390934 -0.0020188098609348884 0.001627043426569275
leaf_weight=145 45 756 408 38 59 58
leaf_count=145 45 756 408 38 59 58
internal_value=0 0.000648748 0.000335758 -0.00261808 -0.00592707 -0.000820562
internal_weight=1509 1209 1164 300 97 203
internal_count=1509 1209 1164 300 97 203
is_linear=0
shrinkage=0.0128719


Tree=31
num_leaves=6
num_cat=0
split_feature=1 12 28 37 16
split_gain=15.4144 20.3763 10.8478 2.36692 1.7955
threshold=0.12655500000000003 5.5000000000000009 8.5000000000000018 1.3100000000000003 8.7600000000000033
decision_type=10 2 2 10 10
left_child=3 -2 -3 4 -1
right_child=1 2 -4 -5 -6
leaf_value=-0.0021156881952995345 0.010319156625115415 -0.0065543597723576362 0.00065523709425761845 0 -0.0062406424928553661
leaf_weight=281 36 35 1069 53 35
leaf_count=281 36 35 1069 53 35
internal_value=0 0.000739068 0.000386885 -0.00228774 -0.00271157
internal_weight=1509 1140 1104 369 316
internal_count=1509 1140 1104 369 316
is_linear=0
shrinkage=0.0128719


Tree=32
num_leaves=6
num_cat=0
split_feature=1 12 28 37 16
split_gain=15.0311 19.8525 10.5729 2.31368 1.73131
threshold=0.12655500000000003 5.5000000000000009 8.5000000000000018 1.3100000000000003 8.7600000000000033
decision_type=10 2 2 10 10
left_child=3 -2 -3 4 -1
right_child=1 2 -4 -5 -6
leaf_value=-0.002088455310116223 0.010186330917520156 -0.0064699938160218736 0.00064680295122514578 0 -0.0061603145987985143
leaf_weight=281 36 35 1069 53 35
leaf_count=281 36 35 1069 53 35
internal_value=0 0.000729555 0.000381393 -0.00225938 -0.00267845
internal_weight=1509 1140 1104 369 316
internal_count=1509 1140 1104 369 316
is_linear=0
shrinkage=0.0128719


Tree=33
num_leaves=7
num_cat=0
split_feature=1 20 26 13 41 46
split_gain=14.6575 15.3193 10.8456 2.12709 3.53836 0.481453
threshold=0.12655500000000003 1302.9650000000004 0.91800000000000004 0.28500000000000009 13.500000000000002 0.37850000000000006
decision_type=10 10 10 10 2 2
left_child=3 2 -2 5 -5 -1
right_child=1 -3 -4 4 -6 -7
leaf_value=-0.00081721895334541464 0 0.0088138746396311043 0.0041799605950084435 0.0026190769824838084 -0.0028090584693491244 -0.0032059423241196502
leaf_weight=74 989 38 113 36 43 216
leaf_count=74 989 38 113 36 43 216
internal_value=0 0.000720164 0.000401211 -0.00223139 0 -0.00274786
internal_weight=1509 1140 1102 369 79 290
internal_count=1509 1140 1102 369 79 290
is_linear=0
shrinkage=0.0128719


Tree=34
num_leaves=7
num_cat=0
split_feature=3 8 0 17 14 19
split_gain=14.7195 22.7405 13.9575 8.9524 7.79408 4.92336
threshold=8.8510000000000009 0.94550000000000012 40.330000000000005 0.95100000000000007 24.750000000000004 0.048550000000000003
decision_type=8 2 10 2 8 2
left_child=3 2 -2 5 -5 -1
right_child=1 -3 -4 4 -6 -7
leaf_value=-0.0022064797629603563 -0.00078453379985763782 0.011046856343236443 0.0020749635554233314 -0.0081705832908675041 -0.0019158931200414907 0.0031722511092669306
leaf_weight=58 717 34 458 64 125 53
leaf_count=58 717 34 458 64 125 53
internal_value=0 0.000631449 0.000292682 -0.00255392 -0.00426629 0
internal_weight=1509 1209 1175 300 189 111
internal_count=1509 1209 1175 300 189 111
is_linear=0
shrinkage=0.0128719


Tree=35
num_leaves=7
num_cat=0
split_feature=3 8 0 17 8 1
split_gain=14.3602 22.1569 13.6046 8.77223 6.49279 6.0297
threshold=8.8510000000000009 0.94550000000000012 30.655000000000005 0.86250000000000016 0.68750000000000011 0.20365600000000003
decision_type=8 2 10 2 2 10
left_child=3 2 -2 5 -5 -1
right_child=1 -3 -4 4 -6 -7
leaf_value=-0.0017899890285711627 -0.00084676496619695465 0.010904664633129064 0.0019422623724988657 -0.0022983587831808044 -0.0082904122170140027 0.005255686846215254
leaf_weight=38 681 34 494 178 50 34
leaf_count=38 681 34 494 178 50 34
internal_value=0 0.000623321 0.000288434 -0.00252293 -0.00380506 0.000927134
internal_weight=1509 1209 1175 300 228 72
internal_count=1509 1209 1175 300 228 72
is_linear=0
shrinkage=0.0128719


Tree=36
num_leaves=7
num_cat=0
split_feature=3 7 0 52 10 10
split_gain=14.0099 12.7223 12.9582 7.39357 4.89623 2.71116
threshold=8.8510000000000009 1.5000000000000002 82.52000000000001 1.0105000000000002 10.414755171157092 10.284709767395787
decision_type=8 2 10 2 10 10
left_child=3 -2 -3 4 -1 -5
right_child=1 2 -4 5 -6 -7
leaf_value=-0.0023276979664795241 0.007377542476340081 -0.00055957236805164899 0.002345464020754885 -0.001161941322089949 -0.0079056175244691697 0.0032113616520520467
leaf_weight=143 45 798 366 73 50 34
leaf_count=143 45 798 366 73 50 34
internal_value=0 0.000615297 0.000316134 -0.00249234 -0.00400034 0
internal_weight=1509 1209 1164 300 193 107
internal_count=1509 1209 1164 300 193 107
is_linear=0
shrinkage=0.0128719


Tree=37
num_leaves=8
num_cat=0
split_feature=2 3 6 11 14 21 31
split_gain=13.8072 11.6252 9.21429 8.24677 11.3406 6.00628 2.41739
threshold=0.098650000000000002 8.8510000000000009 0.57950000000000002 9.8351900000000025 24.350000000000005 -0.064999999999999988 6.9365000000000014
decision_type=2 8 2 10 8 2 8
left_child=1 5 -3 4 -2 -1 -5
right_child=3 2 -4 6 -6 -7 -8
leaf_value=-0.0013943019612009239 0.005222968254264165 -0.00076989081863436881 0.0021065829148165364 -0.003807334964086057 -0.00016627086432716037 -0.0061714961236283544 0.00015302623945030237
leaf_weight=173 181 674 254 34 77 81 35
leaf_count=173 181 674 254 34 77 81 35
internal_value=0 -0.000650477 0 0.00233804 0.00344432 -0.00309066 -0.00116193
internal_weight=1509 1182 928 327 258 254 69
internal_count=1509 1182 928 327 258 254 69
is_linear=0
shrinkage=0.0128719


Tree=38
num_leaves=7
num_cat=0
split_feature=2 5 6 11 14 31
split_gain=13.4427 11.9185 9.94918 8.02059 11.0737 2.36336
threshold=0.098650000000000002 170.27500000000001 0.5655 9.8351900000000025 24.350000000000005 6.9365000000000014
decision_type=2 8 2 10 8 8
left_child=1 2 -1 4 -2 -5
right_child=3 -3 -4 5 -6 -7
leaf_value=-0.0012008329506018824 0.0051557388864687985 -0.008106704813584005 0.0013750560431888743 -0.0037583280236271567 -0.00016413064430537464 0.00015105642991625144
leaf_weight=797 181 35 350 34 77 35
leaf_count=797 181 35 350 34 77 35
internal_value=0 -0.000642582 -0.000376524 0.00230622 0.00339779 -0.00113878
internal_weight=1509 1182 1147 327 258 69
internal_count=1509 1182 1147 327 258 69
is_linear=0
shrinkage=0.0128719


Tree=39
num_leaves=7
num_cat=0
split_feature=1 20 28 18 46 13
split_gain=13.306 14.558 11.0589 2.10833 1.54774 0.69136
threshold=0.10134900000000001 1302.9650000000004 7.5000000000000009 2.5795000000000003 0.37850000000000006 0.21500000000000002
decision_type=10 10 2 8 2 10
left_child=3 2 -2 5 -5 -1
right_child=1 -3 -4 4 -6 -7
leaf_value=-0.0013512070637052018 -0.0061923202925919995 0.00855003251708834 0.00063783754707920446 0 -0.0032732719877134678 0.00096196192284274233
leaf_weight=45 40 38 1080 56 215 35
leaf_count=45 40 38 1080 56 215 35
internal_value=0 0.000661549 0.000354685 -0.00219934 -0.00274846 0
internal_weight=1509 1158 1120 351 271 80
internal_count=1509 1158 1120 351 271 80
is_linear=0
shrinkage=0.0128719


Tree=40
num_leaves=7
num_cat=0
split_feature=5 8 15 0 5 50
split_gain=13.0902 33.9404 12.2385 11.3135 6.0162 3.85107
threshold=99.995000000000019 0.99400000000000011 3.1075000000000004 170.50000000000003 129.25500000000002 2.3435000000000006
decision_type=8 2 10 10 8 10
left_child=1 3 4 -1 -2 -4
right_child=2 -3 5 -5 -6 -7
leaf_value=-0.00044886563452594888 -0.002769521376451665 0.012283678136907138 -0.00045243343156463204 0.0026939901318442398 -0.0096053346432812686 0.0041960276349307241
leaf_weight=773 185 41 195 247 34 34
leaf_count=773 185 41 195 247 34 34
internal_value=0 0.000774816 -0.00184917 0.000269139 -0.00403136 4.59426e-05
internal_weight=1509 1061 448 1020 219 229
internal_count=1509 1061 448 1020 219 229
is_linear=0
shrinkage=0.0128719


Tree=41
num_leaves=7
num_cat=0
split_feature=2 5 6 11 9 31
split_gain=12.9195 11.4572 9.22574 7.75066 10.5177 2.3091
threshold=0.098650000000000002 161.11500000000004 0.5655 9.8351900000000025 1.0000000180025095e-35 6.9365000000000014
decision_type=2 10 2 10 10 8
left_child=1 2 -1 4 -2 -5
right_child=3 -3 -4 5 -6 -7
leaf_value=-0.0011570448699561996 0.0084885096923773395 -0.0076449542819905748 0.0013239891202243546 -0.0037114729582023967 0.0016874720491285165 0.00014336221103734858
leaf_weight=794 56 38 350 34 202 35
leaf_count=794 56 38 350 34 202 35
internal_value=0 -0.000630972 -0.000359594 0.00225987 0.00333392 -0.0011196
internal_weight=1509 1182 1144 327 258 69
internal_count=1509 1182 1144 327 258 69
is_linear=0
shrinkage=0.0128719


Tree=42
num_leaves=7
num_cat=0
split_feature=3 8 0 21 8 10
split_gain=12.8318 20.6279 12.2292 8.42759 16.5303 3.59287
threshold=8.8510000000000009 0.94550000000000012 82.52000000000001 -0.064999999999999988 0.63550000000000006 10.284709767395787
decision_type=8 2 10 2 2 10
left_child=3 2 -2 5 -5 -1
right_child=1 -3 -4 4 -6 -7
leaf_value=-0.0018818327034083304 -0.00057772199054884066 0.010506876544243137 0.0022405303211312016 -0.00090258158514634832 -0.012957732606753435 0.001692149773662642
leaf_weight=145 809 34 366 63 34 58
leaf_count=145 809 34 366 63 34 58
internal_value=0 0.000587176 0.000262754 -0.00238691 -0.00558094 -0.000644333
internal_weight=1509 1209 1175 300 97 203
internal_count=1509 1209 1175 300 97 203
is_linear=0
shrinkage=0.0128719


Tree=43
num_leaves=8
num_cat=0
split_feature=1 5 12 14 18 25 13
split_gain=12.6155 17.0577 35.3718 10.0948 2.03301 1.47885 0.673293
threshold=0.10134900000000001 105.91000000000001 8.5000000000000018 14.65 2.5795000000000003 0.058500000000000003 0.21500000000000002
decision_type=10 8 2 8 8 10 10
left_child=4 2 -2 -3 6 -6 -1
right_child=1 3 -4 -5 5 -7 -8
leaf_value=-0.0013206686468580555 0.01344834117024761 -0.0057209867443102714 0.00081029497735629575 0 -0.0030479848616238319 0 0.00097198404614140988
leaf_weight=45 39 97 930 92 236 35 35
leaf_count=45 39 97 930 92 236 35 35
internal_value=0 0.000643542 0.00136428 -0.00281928 -0.00214212 -0.00268071 0
internal_weight=1509 1158 969 189 351 271 80
internal_count=1509 1158 969 189 351 271 80
is_linear=0
shrinkage=0.0128719


Tree=44
num_leaves=7
num_cat=0
split_feature=3 8 16 52 8 16
split_gain=12.4293 19.6937 9.67704 6.95092 5.28963 1.2309
threshold=8.8510000000000009 0.94550000000000012 31.010000000000002 1.0105000000000002 0.68750000000000011 1.7400000000000002
decision_type=8 2 10 2 2 8
left_child=3 2 -2 4 -1 -5
right_child=1 -3 -4 5 -6 -7
leaf_value=-0.0021111044890849621 -0.00077361700458662577 0.010271422657652386 0.0015520670935707938 -0.00094767025291867435 -0.0078059118212566196 0.0017604011016715139
leaf_weight=143 634 34 541 58 50 49
leaf_count=143 634 34 541 58 50 49
internal_value=0 0.000577691 0.000259808 -0.00234938 -0.00381403 0
internal_weight=1509 1209 1175 300 193 107
internal_count=1509 1209 1175 300 193 107
is_linear=0
shrinkage=0.0128719


Tree=45
num_leaves=8
num_cat=0
split_feature=2 3 11 11 14 21 31
split_gain=12.3573 10.3838 9.05623 7.43476 10.3748 5.65034 2.21374
threshold=0.098650000000000002 8.8510000000000009 0.12266950000000001 9.8351900000000025 24.350000000000005 -0.064999999999999988 6.9365000000000014
decision_type=2 8 8 10 8 2 8
left_child=1 5 -3 4 -2 -1 -5
right_child=3 2 -4 6 -6 -7 -8
leaf_value=-0.0012722710278045913 0.0049659861956062546 -0.0040429894986221725 0.00041250123256445225 -0.0036311907187489192 -0.00016982634009265134 -0.0059075996333175515 0.00012271628520060517
leaf_weight=173 181 83 845 34 77 81 35
leaf_count=173 181 83 845 34 77 81 35
internal_value=0 -0.000617216 0 0.00221003 0.00326297 -0.00292339 -0.00109051
internal_weight=1509 1182 928 327 258 254 69
internal_count=1509 1182 928 327 258 254 69
is_linear=0
shrinkage=0.0128719


Tree=46
num_leaves=6
num_cat=0
split_feature=5 8 20 0 15
split_gain=12.004 32.0316 11.9666 10.437 4.83254
threshold=99.995000000000019 0.99400000000000011 1104.6350000000002 170.50000000000003 3.1075000000000004
decision_type=8 2 10 10 10
left_child=1 3 4 -1 -2
right_child=2 -3 -4 -5 -6
leaf_value=-0.00043960515959149755 -0.0025608737343943669 0.011920903535212081 -0.0080490081407376783 0.0025789217378505108 0.00013236393315669775
leaf_weight=773 174 41 47 247 227
leaf_count=773 174 41 47 247 227
internal_value=0 0.000740756 -0.00177199 0.000248293 -0.000926745
internal_weight=1509 1061 448 1020 401
internal_count=1509 1061 448 1020 401
is_linear=0
shrinkage=0.0128719


Tree=47
num_leaves=7
num_cat=0
split_feature=2 5 6 11 14 13
split_gain=11.949 10.9036 9.01971 7.20397 10.0689 1.36059
threshold=0.098650000000000002 170.27500000000001 0.5655 9.8351900000000025 24.350000000000005 -1.1299999999999997
decision_type=2 8 2 10 8 10
left_child=1 2 -1 4 -2 -5
right_child=3 -3 -4 5 -6 -7
leaf_value=-0.0011378665374536406 0.0048878235676886334 -0.0077483377619506251 0.0013138757809684669 -0.0029487676826343303 -0.0001644038254646374 0
leaf_weight=797 181 35 350 35 77 34
leaf_count=797 181 35 350 35 77 34
internal_value=0 -0.00060763 -0.00035144 0.0021725 0.00320975 -0.00106937
internal_weight=1509 1182 1147 327 258 69
internal_count=1509 1182 1147 327 258 69
is_linear=0
shrinkage=0.0128719


Tree=48
num_leaves=8
num_cat=0
split_feature=1 5 8 15 18 46 13
split_gain=11.6917 16.0985 44.6677 14.4777 1.93959 1.66266 0.641425
threshold=0.10134900000000001 105.91000000000001 0.99400000000000011 1.2360000000000004 2.5795000000000003 0.37850000000000006 0.21500000000000002
decision_type=10 8 2 10 8 2 10
left_child=4 2 -2 -3 6 -6 -1
right_child=1 3 -4 -5 5 -7 -8
leaf_value=-0.0012697206826116413 0.00074293226928655017 -0.010475833825384898 0.015877488724701395 -0.00076474153180518614 0 -0.0031189378898525896 0.00098162018092343628
leaf_weight=45 935 34 34 155 56 215 35
leaf_count=45 935 34 34 155 56 215 35
internal_value=0 0.000618173 0.0013193 -0.00274412 -0.00206354 -0.00258865 0
internal_weight=1509 1158 969 189 351 271 80
internal_count=1509 1158 969 189 351 271 80
is_linear=0
shrinkage=0.0128719


Tree=49
num_leaves=7
num_cat=0
split_feature=2 5 6 11 9 31
split_gain=11.5507 10.5212 8.71075 6.96456 9.79268 2.12937
threshold=0.098650000000000002 170.27500000000001 0.5655 9.8351900000000025 1.0000000180025095e-35 6.9365000000000014
decision_type=2 8 2 10 10 8
left_child=1 2 -1 4 -2 -5
right_child=3 -3 -4 5 -6 -7
leaf_value=-0.00111945539878454 0.0081287442730706011 -0.0076142229005330981 0.0012893772495104568 -0.003546067318955428 0.0015593552273363014 0.00013006158725415627
leaf_weight=797 56 35 350 34 202 35
leaf_count=797 56 35 350 34 202 35
internal_value=0 -0.000598498 -0.000346122 0.00213489 0.00315552 -0.00104484
internal_weight=1509 1182 1147 327 258 69
internal_count=1509 1182 1147 327 258 69
is_linear=0
shrinkage=0.0128719


Tree=50
num_leaves=7
num_cat=0
split_feature=3 7 0 21 14 10
split_gain=11.4688 10.7715 10.6795 7.90704 7.73174 3.3118
threshold=8.8510000000000009 1.5000000000000002 82.52000000000001 -0.064999999999999988 24.750000000000004 10.284709767395787
decision_type=8 2 10 2 8 10
left_child=3 -2 -3 5 -5 -1
right_child=1 2 -4 4 -6 -7
leaf_value=-0.0017637971881339922 0.006777029158207562 -0.00051622528003904017 0.0021198770039356791 -0.010159969445376869 -0.001505937545335386 0.0016737719771058584
leaf_weight=145 45 798 366 38 59 58
leaf_count=145 45 798 366 38 59 58
internal_value=0 0.000553265 0.00027492 -0.00225842 -0.00534901 -0.000565272
internal_weight=1509 1209 1164 300 97 203
internal_count=1509 1209 1164 300 97 203
is_linear=0
shrinkage=0.0128719


Tree=51
num_leaves=7
num_cat=0
split_feature=1 5 7 15 37 16
split_gain=11.2614 15.4579 43.0578 13.9896 1.87395 1.81151
threshold=0.10134900000000001 105.91000000000001 1.5000000000000002 1.2360000000000004 1.3100000000000003 6.9350000000000014
decision_type=10 8 2 10 10 10
left_child=4 2 -2 -3 5 -1
right_child=1 3 -4 -5 -6 -7
leaf_value=-0.0018033787281050201 0.015588273637717103 -0.010287572502306422 0.00072703929332053015 -0.00073639159690402 0 -0.0058977366571087743
leaf_weight=267 34 34 935 155 50 34
leaf_count=267 34 34 935 155 50 34
internal_value=0 0.000606171 0.00129382 -0.002687 -0.00202573 -0.00241179
internal_weight=1509 1158 969 189 351 301
internal_count=1509 1158 969 189 351 301
is_linear=0
shrinkage=0.0128719


Tree=52
num_leaves=7
num_cat=0
split_feature=2 5 10 10 9 50
split_gain=11.1348 10.1153 7.66907 6.57145 12.5916 0.685185
threshold=0.098650000000000002 170.27500000000001 7.8388969023999211 9.7414147182342905 2.0000000000000005e-05 3.4165000000000005
decision_type=2 8 10 10 10 8
left_child=1 2 -1 5 -5 -2
right_child=3 -3 -4 4 -6 -7
leaf_value=-0.0025484135026517724 -0.0017309088706739389 -0.0074685576822409311 0.00011961213595159527 0.010840786426687017 0.0017808761710953536 9.0260455891639834e-07
leaf_weight=214 40 35 933 34 192 61
leaf_count=214 40 35 933 34 192 61
internal_value=0 -0.000588127 -0.00033988 0.00209559 0.00333823 -0.000250106
internal_weight=1509 1182 1147 327 226 101
internal_count=1509 1182 1147 327 226 101
is_linear=0
shrinkage=0.0128719


Tree=53
num_leaves=8
num_cat=0
split_feature=1 5 7 8 18 46 13
split_gain=10.9377 14.8986 41.6778 13.5922 1.87962 1.63905 0.614091
threshold=0.10134900000000001 105.91000000000001 1.5000000000000002 0.59450000000000014 2.5795000000000003 0.37850000000000006 0.21500000000000002
decision_type=10 8 2 2 8 2 10
left_child=4 2 -2 -3 6 -6 -1
right_child=1 3 -4 -5 5 -7 -8
leaf_value=-0.0012191460292967186 0.015337380307325831 -0.00049794194587660253 0.00071443013218355279 -0.0092747887800419294 0 -0.0030363513588152519 0.00099800775335068389
leaf_weight=45 34 148 935 41 56 215 35
leaf_count=45 34 148 935 41 56 215 35
internal_value=0 0.000597222 0.00127285 -0.00263432 -0.00199657 -0.00251241 0
internal_weight=1509 1158 969 189 351 271 80
internal_count=1509 1158 969 189 351 271 80
is_linear=0
shrinkage=0.0128719


Tree=54
num_leaves=7
num_cat=0
split_feature=3 8 0 17 14 10
split_gain=10.9065 17.113 10.4711 7.77526 7.67315 4.36645
threshold=8.8510000000000009 0.94550000000000012 82.52000000000001 0.95100000000000007 24.750000000000004 7.9755899749053123
decision_type=8 2 10 2 8 10
left_child=3 2 -2 5 -5 -1
right_child=1 -3 -4 4 -6 -7
leaf_value=-0.0019922470959902426 -0.00053502706075914607 0.0095770138339610969 0.0020716324316959705 -0.0076378763468091682 -0.0014978723916309648 0.0030094868910132003
leaf_weight=55 809 34 366 64 125 56
leaf_count=55 809 34 366 64 125 56
internal_value=0 0.000538465 0.00023954 -0.00220342 -0.00380943 0.000135466
internal_weight=1509 1209 1175 300 189 111
internal_count=1509 1209 1175 300 189 111
is_linear=0
shrinkage=0.0128719


Tree=55
num_leaves=7
num_cat=0
split_feature=2 5 6 11 14 31
split_gain=10.6997 9.73608 7.97777 6.52543 9.34571 2.01719
threshold=0.098650000000000002 161.11500000000004 0.5655 9.8351900000000025 24.350000000000005 6.9365000000000014
decision_type=2 10 2 10 8 8
left_child=1 2 -1 4 -2 -5
right_child=3 -3 -4 5 -6 -7
leaf_value=-0.0010676082803450012 0.004662956203080916 -0.0070463880091900452 0.0012383212505319337 -0.0034485234981152836 -0.00019266437711081409 0.00010250299573171059
leaf_weight=794 181 38 350 34 77 35
leaf_count=794 181 38 350 34 77 35
internal_value=0 -0.000577017 -0.00032373 0.00205375 0.00304356 -0.00101075
internal_weight=1509 1182 1144 327 258 69
internal_count=1509 1182 1144 327 258 69
is_linear=0
shrinkage=0.0128719


Tree=56
num_leaves=7
num_cat=0
split_feature=3 8 0 21 8 10
split_gain=10.5427 16.6566 10.0953 7.63644 15.7638 3.02297
threshold=8.8510000000000009 0.94550000000000012 158.50000000000003 -0.064999999999999988 0.63550000000000006 10.284709767395787
decision_type=8 2 10 2 2 10
left_child=3 2 -2 5 -5 -1
right_child=1 -3 -4 4 -6 -7
leaf_value=-0.0016565440845943489 -0.0003875678159813456 0.0094460167280713374 0.0024046506303559739 -0.00062877544495675345 -0.012378705601183312 0.0016293877873428465
leaf_weight=145 898 34 277 63 34 58
leaf_count=145 898 34 277 63 34 58
internal_value=0 0.00052872 0.000233304 -0.00216703 -0.00520014 -0.000501344
internal_weight=1509 1209 1175 300 97 203
internal_count=1509 1209 1175 300 97 203
is_linear=0
shrinkage=0.0128719


Tree=57
num_leaves=7
num_cat=0
split_feature=1 12 28 18 46 13
split_gain=10.372 13.6834 11.3922 1.80777 1.5974 0.5978
threshold=0.10134900000000001 5.5000000000000009 7.5000000000000009 2.5795000000000003 0.37850000000000006 0.21500000000000002
decision_type=10 2 2 8 2 10
left_child=3 -2 -3 5 -5 -1
right_child=1 2 -4 4 -6 -7
leaf_value=-0.0011927624905644684 0.0082204783167528234 -0.0068563500500968856 0.00055230508154333741 0 -0.002967341870099738 0.0010003585111617284
leaf_weight=45 38 35 1085 56 215 35
leaf_count=45 38 35 1085 56 215 35
internal_value=0 0.000580015 0.000281566 -0.00194579 -0.00245132 0
internal_weight=1509 1158 1120 351 271 80
internal_count=1509 1158 1120 351 271 80
is_linear=0
shrinkage=0.0128719


Tree=58
num_leaves=8
num_cat=0
split_feature=2 3 11 11 14 14 31
split_gain=10.3032 8.7728 9.0611 6.29409 9.00411 3.92657 1.9577
threshold=0.098650000000000002 8.8510000000000009 0.12266950000000001 9.8351900000000025 24.350000000000005 7.0500000000000007 6.9365000000000014
decision_type=2 8 8 10 8 8 8
left_child=1 5 -3 4 -2 -1 -5
right_child=3 2 -4 6 -6 -7 -8
leaf_value=-0.0056859893648422066 0.004577165054877614 -0.0040449673601826719 0.00041175297124353561 -0.0033923205634537844 -0.00017893930006393185 -0.0014229208881903284 9.466042359858094e-05
leaf_weight=65 181 83 845 34 77 189 35
leaf_count=65 181 83 845 34 77 189 35
internal_value=0 -0.000567046 0 0.0020145 0.00298747 -0.00268679 -0.000987037
internal_weight=1509 1182 928 327 258 254 69
internal_count=1509 1182 928 327 258 254 69
is_linear=0
shrinkage=0.0128719


Tree=59
num_leaves=5
num_cat=0
split_feature=11 2 8 11
split_gain=10.1738 10.7059 12.356 7.78029
threshold=20.801800000000004 0.098050000000000012 0.73250000000000004 0.12266950000000001
decision_type=10 2 2 8
left_child=1 3 -3 -1
right_child=-2 2 -4 -5
leaf_value=-0.0043215197523042972 -0.0050716254996687428 0.0011943405842535521 0.0095502113601558577 -6.4878448175391152e-05
leaf_weight=79 63 353 35 979
leaf_count=79 63 353 35 979
internal_value=0 0.000212327 0.0020613 -0.000424234
internal_weight=1509 1446 388 1058
internal_count=1509 1446 388 1058
is_linear=0
shrinkage=0.0128719


Tree=60
num_leaves=5
num_cat=0
split_feature=11 2 8 11
split_gain=9.91212 10.4503 12.026 7.57843
threshold=20.801800000000004 0.098050000000000012 0.73250000000000004 0.12266950000000001
decision_type=10 2 2 8
left_child=1 3 -3 -1
right_child=-2 2 -4 -5
leaf_value=-0.0042658939081806077 -0.0050063444851727174 0.0011789671648122356 0.0094272835691853758 -6.4043357812070104e-05
leaf_weight=79 63 353 35 979
leaf_count=79 63 353 35 979
internal_value=0 0.000209203 0.00203623 -0.000419307
internal_weight=1509 1446 388 1058
internal_count=1509 1446 388 1058
is_linear=0
shrinkage=0.0128719


Tree=61
num_leaves=7
num_cat=0
split_feature=1 5 7 15 37 46
split_gain=9.98958 14.0078 38.8885 13.237 1.8087 1.68777
threshold=0.10134900000000001 105.91000000000001 1.5000000000000002 1.2360000000000004 1.3100000000000003 0.38150000000000006
decision_type=10 8 2 10 10 2
left_child=4 2 -2 -3 5 -1
right_child=1 3 -4 -5 -6 -7
leaf_value=-0.00012808659725397159 0.014811332295856053 -0.0099531740024390199 0.00068287801905343487 -0.00065985165013126798 0 -0.0029275225796754041
leaf_weight=84 34 34 935 155 50 217
leaf_count=84 34 34 935 155 50 217
internal_value=0 0.000567765 0.00122395 -0.00256407 -0.00191101 -0.0022922
internal_weight=1509 1158 969 189 351 301
internal_count=1509 1158 969 189 351 301
is_linear=0
shrinkage=0.0128719


Tree=62
num_leaves=6
num_cat=0
split_feature=5 7 20 0 15
split_gain=9.7415 27.215 11.8159 8.8917 4.11904
threshold=99.995000000000019 1.0000000180025095e-35 1104.6350000000002 170.50000000000003 3.1075000000000004
decision_type=8 2 10 10 10
left_child=1 -1 4 -3 -2
right_child=2 3 -4 -5 -6
leaf_value=0.010967836658786182 -0.0022816274874633831 -0.00042624102253635348 -0.0078177857589841297 0.0023601230453388494 0.00020830026776391222
leaf_weight=41 174 773 47 247 227
leaf_count=41 174 773 47 247 227
internal_value=0 0.000662727 -0.0016008 0.000205437 -0.000762589
internal_weight=1509 1061 448 1020 401
internal_count=1509 1061 448 1020 401
is_linear=0
shrinkage=0.0128719


Tree=63
num_leaves=7
num_cat=0
split_feature=3 8 0 21 8 64
split_gain=9.75178 15.2204 9.38153 7.39263 15.2519 2.86677
threshold=8.8510000000000009 0.94550000000000012 82.52000000000001 -0.064999999999999988 0.63550000000000006 1.0000000180025095e-35
decision_type=8 2 10 2 2 10
left_child=3 2 -2 5 -5 -1
right_child=1 -3 -4 4 -6 -7
leaf_value=-0.0021041690947504995 -0.00050877266752787857 0.0090320271374991108 0.0019578752884516822 -0.00056128399779896757 -0.012123728319789147 0.00079421707286689834
leaf_weight=102 809 34 366 63 34 101
leaf_count=102 809 34 366 63 34 101
internal_value=0 0.000506269 0.000222183 -0.00208635 -0.00506693 -0.000445756
internal_weight=1509 1209 1175 300 97 203
internal_count=1509 1209 1175 300 97 203
is_linear=0
shrinkage=0.0128719


Tree=64
num_leaves=5
num_cat=0
split_feature=11 1 12 13
split_gain=9.54073 11.7467 20.7802 2.34957
threshold=20.801800000000004 0.14633450000000001 5.5000000000000009 0.28500000000000009
decision_type=10 10 2 10
left_child=1 3 -3 -1
right_child=-2 2 -4 -5
leaf_value=-0.0022780735265966108 -0.0049126531702197085 0.010882948333242373 0.00054216938369174245 0
leaf_weight=290 63 34 1044 78
leaf_count=290 63 34 1044 78
internal_value=0 0.000204209 0.000909064 -0.0017412
internal_weight=1509 1446 1078 368
internal_count=1509 1446 1078 368
is_linear=0
shrinkage=0.0128719


Tree=65
num_leaves=7
num_cat=0
split_feature=3 7 0 17 14 10
split_gain=9.43972 8.46531 8.91583 7.21777 7.3689 3.98928
threshold=8.8510000000000009 1.5000000000000002 158.50000000000003 0.95100000000000007 24.750000000000004 7.9755899749053123
decision_type=8 2 10 2 8 10
left_child=3 -2 -3 5 -5 -1
right_child=1 2 -4 4 -6 -7
leaf_value=-0.0018076287117293048 0.0060213183101493406 -0.00034009676259882758 0.0022843709468203782 -0.007345220599264673 -0.0013382324638711708 0.0029442014086770488
leaf_weight=55 45 887 277 64 125 56
leaf_count=55 45 887 277 64 125 56
internal_value=0 0.000497988 0.000246722 -0.0020528 -0.00360475 0.000194007
internal_weight=1509 1209 1164 300 189 111
internal_count=1509 1209 1164 300 189 111
is_linear=0
shrinkage=0.0128719


Tree=66
num_leaves=8
num_cat=0
split_feature=2 11 15 11 9 22 31
split_gain=9.24812 7.20266 8.73841 5.81848 8.4779 5.14569 1.86125
threshold=0.098650000000000002 0.12266950000000001 1.2360000000000004 9.8351900000000025 1.0000000180025095e-35 11.655895613352977 6.9365000000000014
decision_type=2 8 10 10 10 8 8
left_child=1 5 -3 4 -2 -1 -5
right_child=3 2 -4 6 -6 -7 -8
leaf_value=-0.0003298789653878424 0.0074733579824726656 -0.0020403324820909025 0.00047763530296116496 -0.0033107445582962664 0.0013442446810830579 -0.0077383103024108004 5.6580533248746629e-05
leaf_weight=49 56 317 777 34 202 39 35
leaf_count=49 56 317 777 34 202 39 35
internal_value=0 -0.00053938 -0.00021183 0.00190637 0.00284484 -0.00411229 -0.000966156
internal_weight=1509 1182 1094 327 258 88 69
internal_count=1509 1182 1094 327 258 88 69
is_linear=0
shrinkage=0.0128719


Tree=67
num_leaves=6
num_cat=0
split_feature=5 8 12 19 1
split_gain=9.36842 22.451 15.8612 9.15091 2.73882
threshold=105.17500000000001 0.99400000000000011 8.5000000000000018 0.11290000000000001 2.1764775000000003
decision_type=8 2 2 2 8
left_child=1 3 -2 -1 -4
right_child=2 -3 4 -5 -6
leaf_value=-0.0020625398047004668 -0.010623981588508963 0.0084729490273731303 0.00079734048654266901 0.00064467680189796161 -0.0020461902978606635
leaf_weight=263 34 55 75 958 124
leaf_count=263 34 55 75 958 124
internal_value=0 0.000424113 -0.00238261 2.55777e-05 -0.000753799
internal_weight=1509 1276 233 1221 199
internal_count=1509 1276 233 1221 199
is_linear=0
shrinkage=0.0128719


Tree=68
num_leaves=5
num_cat=0
split_feature=11 2 10 11
split_gain=9.18727 9.58701 8.16613 7.46282
threshold=20.801800000000004 0.098050000000000012 9.7414147182342905 0.12266950000000001
decision_type=10 2 10 8
left_child=1 3 -3 -1
right_child=-2 2 -4 -5
leaf_value=-0.0042151059999735695 -0.0048206994004384093 -0.00046154232096556902 0.0032649843839481587 -4.7327758825766629e-05
leaf_weight=79 63 125 263 979
leaf_count=79 63 125 263 979
internal_value=0 0.000200488 0.00195123 -0.000400048
internal_weight=1509 1446 388 1058
internal_count=1509 1446 388 1058
is_linear=0
shrinkage=0.0128719


Tree=69
num_leaves=6
num_cat=0
split_feature=5 7 7 0 1
split_gain=9.09043 21.8652 16.2125 9.80822 2.89449
threshold=105.17500000000001 1.0000000180025095e-35 4.5000000000000009 52.215000000000011 2.1764775000000003
decision_type=8 2 2 10 8
left_child=1 -1 -2 -3 -4
right_child=2 3 4 -5 -6
leaf_value=0.008359728077332769 -0.01052757537997339 -0.00077097653129219062 0.00096083895428443911 0.0016590887981540285 -0.0020138262255837225
leaf_weight=55 35 804 74 417 124
leaf_count=55 35 804 74 417 124
internal_value=0 0.000416743 -0.00234799 2.29762e-05 -0.000680259
internal_weight=1509 1276 233 1221 198
internal_count=1509 1276 233 1221 198
is_linear=0
shrinkage=0.0128719


Tree=70
num_leaves=5
num_cat=0
split_feature=11 2 8 11
split_gain=8.90431 9.2702 10.6756 7.30588
threshold=20.801800000000004 0.098050000000000012 0.73250000000000004 0.12266950000000001
decision_type=10 2 2 8
left_child=1 3 -3 -1
right_child=-2 2 -4 -5
leaf_value=-0.0041681134013816911 -0.0047468538893363768 0.0011023806107015668 0.0088922882534939081 -4.4165847947246125e-05
leaf_weight=79 63 353 35 979
leaf_count=79 63 353 35 979
internal_value=0 0.000196357 0.00191829 -0.000393613
internal_weight=1509 1446 388 1058
internal_count=1509 1446 388 1058
is_linear=0
shrinkage=0.0128719


Tree=71
num_leaves=8
num_cat=0
split_feature=3 9 10 23 17 14 19
split_gain=8.89719 8.12691 26.1209 7.49741 6.8536 7.18313 3.83186
threshold=8.8510000000000009 1.0000000180025095e-35 9.7159584950833295 59.415000000000006 0.95100000000000007 24.750000000000004 0.048550000000000003
decision_type=8 8 10 8 2 8 2
left_child=4 2 -2 -3 6 -6 -1
right_child=1 3 -4 -5 5 -7 -8
leaf_value=-0.0016428147718397866 -5.895147690784742e-05 0.00062424125026142735 0.0087939763713086923 -0.0019612698453408987 -0.0071962530255550968 -0.0012671318863491687 0.0030162822368843107
leaf_weight=58 162 720 77 250 64 125 53
leaf_count=58 162 720 77 250 64 125 53
internal_value=0 0.000482055 0.00260949 0 -0.00199432 -0.00350728 0.000186117
internal_weight=1509 1209 239 970 300 189 111
internal_count=1509 1209 239 970 300 189 111
is_linear=0
shrinkage=0.0128719


end of trees

feature_importances:
price_change_6h=37
buy_sell_ratio_24h=36
top10_holder_pct=31
jup_price_impact_1k=25
volume_mcap_ratio=23
volume_ema3=19
sells_24h=18
consensus_val=17
price_change_1h=17
short_term_heat=17
txn_count_24h=14
token_age_hours=14
market_cap_log=13
liq_mcap_ratio=12
price_change_24h=10
price_acceleration=10
kol_reputation_avg=10
volatility_proxy=8
market_heat_24h=8
price_velocity=8
sentiment_consistency=7
entry_vs_median_peak=6
buy_sell_ratio_1h=6
price_change_5m=6
buys_24h=5
relative_volume=4
avg_tx_size_usd=4
ultra_short_heat=3
hour_paris=2
helius_top20_pct=2
mention_ema3=2
onchain_multiplier=2
jup_price_impact_5k=1
ath_ratio=1
volume_acceleration_v2=1
volume_velocity=1
risk_count=1
is_pump_fun=1

parameters:
[boosting: gbdt]
[objective: regression]
[metric: l2]
[tree_learner: serial]
[device_type: cpu]
[data_sample_strategy: bagging]
[data: ]
[valid: ]
[num_iterations: 72]
[learning_rate: 0.0128719]
[num_leaves: 19]
[num_threads: 2]
[seed: 0]
[deterministic: 0]
[force_col_wise: 0]
[force_row_wise: 0]
[histogram_pool_size: -1]
[max_depth: 3]
[min_data_in_leaf: 34]
[min_sum_hessian_in_leaf: 0.001]
[bagging_fraction: 0.980671]
[pos_bagging_fraction: 1]
[neg_bagging_fraction: 1]
[bagging_freq: 0]
[bagging_seed: 3]
[bagging_by_query: 0]
[feature_fraction: 0.763015]
[feature_fraction_bynode: 1]
[feature_fraction_seed: 2]
[extra_trees: 0]
[extra_seed: 6]
[early_stopping_round: 0]
[early_stopping_min_delta: 0]
[first_metric_only: 0]
[max_delta_step: 0]
[lambda_l1: 3.41219]
[lambda_l2: 0.000479941]
[linear_lambda: 0]
[min_gain_to_split: 0]
[drop_rate: 0.1]
[max_drop: 50]
[skip_drop: 0.5]
[xgboost_dart_mode: 0]
[uniform_drop: 0]
[drop_seed: 4]
[top_rate: 0.2]
[other_rate: 0.1]
[min_data_per_group: 100]
[max_cat_threshold: 32]
[cat_l2: 10]
[cat_smooth: 10]
[max_cat_to_onehot: 4]
[top_k: 20]
[monotone_constraints: ]
[monotone_constraints_method: basic]
[monotone_penalty: 0]
[feature_contri: ]
[forcedsplits_filename: ]
[refit_decay_rate: 0.9]
[cegb_tradeoff: 1]
[cegb_penalty_split: 0]
[cegb_penalty_feature_lazy: ]
[cegb_penalty_feature_coupled: ]
[path_smooth: 0]
[interaction_constraints: ]
[verbosity: -1]
[saved_feature_importance_type: 0]
[use_quantized_grad: 0]
[num_grad_quant_bins: 4]
[quant_train_renew_leaf: 0]
[stochastic_rounding: 1]
[linear_tree: 0]
[max_bin: 255]
[max_bin_by_feature: ]
[min_data_in_bin: 3]
[bin_construct_sample_cnt: 200000]
[data_random_seed: 1]
[is_enable_sparse: 1]
[enable_bundle: 1]
[use_missing: 1]
[zero_as_missing: 0]
[feature_pre_filter: 1]
[pre_partition: 0]
[two_round: 0]
[header: 0]
[label_column: ]
[weight_column: ]
[group_column: ]
[ignore_column: ]
[categorical_feature: ]
[forcedbins_filename: ]
[precise_float_parser: 0]
[parser_config_file: ]
[objective_seed: 5]
[num_class: 1]
[is_unbalance: 0]
[scale_pos_weight: 1]
[sigmoid: 1]
[boost_from_average: 1]
[reg_sqrt: 0]
[alpha: 0.9]
[fair_c: 1]
[poisson_max_delta_step: 0.7]
[tweedie_variance_power: 1.5]
[lambdarank_truncation_level: 30]
[lambdarank_norm: 1]
[label_gain: ]
[lambdarank_position_bias_regularization: 0]
[eval_at: ]
[multi_error_top_k: 1]
[auc_mu_weights: ]
[num_machines: 1]
[local_listen_port: 12400]
[time_out: 120]
[machine_list_filename: ]
[machines: ]
[gpu_platform_id: -1]
[gpu_device_id: -1]
[gpu_use_dp: 0]
[num_gpu: 1]

end of parameters

pandas_categorical:[]
